res/ca/ca512.asc
ncols         512
nrows         512
xllcorner     -124.00013888889
yllcorner     36.99986111111
cellsize      0.00027777778
NODATA_value  -9999
[rows 348 to 376 of 512, columns 260 to 324 of 512]
274.396 266.419 256.648 248.243 245.431 241.606 237.346 231.162 221.889 217.494 210.813 203.988 199.572 193.661 188.341 176.611 165.788 162.445 160.586 155.876 147.32 143.405 138.559 142.656 136.651 123.795 113.714 107.001 103.902 96.4042 89.7129 83.5957 78.6409 73.3019 68.0195 63.0185 58.4391 58.3309 53.9995 54.2598 54.2083 49.8743 45.0028 43.1028 41.8041 38.5946 35.9656 34.5532 30.285 29.1025 24.4703 20.8403 19.8197 17.7214 18.3743 18.4251 18.1175 13.7577 14.178 14.4001 14.1672 12.5591 12.544 12.0907 12.4215
279.538 267.307 258.629 253.933 254.905 249.01 241.609 234.5 225.637 220.065 213.837 207.419 202.894 197.491 189.555 179.387 172.123 170.606 168.731 161.05 152.004 149.174 151.311 147.27 131.766 123.333 115.846 112.706 107.846 98.3526 91.6261 85.4994 81.1618 76.7402 75.5724 71.7927 66.5722 61.1211 55.5265 55.2023 56.7879 53.12 48.2789 43.0377 41.2414 40.0402 36.7772 35.5784 31.8833 26.4598 24.3441 23.8656 23.0409 23.0003 21.163 19.4273 18.4999 18.1693 18.2206 17.8485 17.8462 17.1091 16.3074 15.2723 14.7903
283.628 272.185 266.24 263.769 260.279 254.097 244.63 235.817 230.329 223.739 216.893 212.528 206.827 201.268 189.563 185.494 180.521 176.841 171.007 161.293 159.417 156.831 153.335 143.093 133.27 126.001 124.49 119.807 111.113 98.7021 91.2497 86.0402 84.1654 84.5702 83.5665 79.0154 70.2802 63.6278 59.6466 57.2284 58.2207 55.6867 51.5383 45.8889 43.0141 40.43 36.8935 35.9437 33.3629 29.5163 27.8961 26.2301 24.6987 24.3143 22.6071 22.8228 22.0971 21.2765 20.8001 20.5027 19.5597 19.7471 18.6904 17.473 16.6369
289.098 282.362 275.585 268.878 263.463 255.332 246.377 239.55 235.982 230.646 222.83 215.249 204.71 198.941 195.488 190.561 184.325 179.451 174.094 169.023 167.256 161.164 151.442 145.376 142.606 136.78 131.166 124.753 109.406 98.5262 90.7637 88.3706 88.2682 89.7375 85.4894 76.8128 67.6752 61.7308 59.0593 57.6835 58.3092 56.6836 51.7765 47.2469 44.9252 42.4398 39.8241 37.6211 35.9433 33.708 31.0175 29.7924 27.6531 25.4388 23.9127 24.7599 24.669 23.8632 23.0674 22.9614 22.9206 22.317 20.5978 17.9535 17.4134
296.036 289.089 280.45 273.843 263.006 254.185 248.186 242.713 238.044 232.513 225.917 219.413 208.021 203.815 198.122 191.671 187.622 182.944 178.393 177.785 176.865 167.083 158.098 149.773 146.59 141.922 138.08 133.826 120.789 105.047 94.6431 92.0183 93.8048 92.3346 85.5109 71.73 63.3466 62.7267 61.2034 62.5455 62.2914 59.6687 54.8485 51.0089 48.1696 43.8905 41.6247 41.4562 39.1589 36.5123 35.7823 32.205 30.4491 28.5477 25.8805 27.4597 28.3202 26.9028 25.6517 25.7186 25.3136 24.917 23.0736 18.8198 17.8517
301.177 294.387 286.554 277.434 263.903 256.974 251.379 245.418 240.964 236.333 231.283 223.294 212.764 207.09 200.311 195.053 190.362 185.054 185.179 182.169 183.211 174.128 166.328 157.809 153.899 150.033 145.448 138.781 125.8 112.574 103.321 99.7817 99.8008 94.4789 83.3412 71.1324 69.6746 69.5489 64.5808 65.9657 67.1028 64.2993 59.8765 55.6006 51.4265 46.4927 43.2271 43.6847 41.872 39.5698 37.2186 35.1997 31.6646 29.6966 28.6142 30.0923 30.7377 30.1429 30.0991 29.1481 29.145 26.6086 23.8865 21.9539 22.2868
308.14 298.673 290.287 280.812 270.112 260.894 254.174 249.04 244.214 238.365 231.582 222.718 215.947 210.58 204.23 197.293 190.692 188.065 186.919 184.024 183.477 176.696 171.597 165.127 162.949 158.65 151.172 139.742 124.678 117.545 114.403 107.992 101.033 93.891 83.7219 76.5034 77.2292 76.0767 68.8758 66.1465 66.9659 66.2506 61.7332 57.2186 53.9118 50.4954 47.355 44.8877 41.9256 39.2385 36.1636 34.895 32.0084 29.7703 29.1179 30.3252 31.5938 31.4991 31.2608 31.1039 30.7362 28.8058 25.7479 24.4455 26.2557
312.183 301.915 291.322 280.347 270.819 263.729 258.327 251.894 244.443 236.363 231.001 224.112 216.959 211.403 205.818 197.587 191.829 189.334 188.382 185.966 183.174 181.198 177.19 172.389 171.389 160.325 147.595 136.166 128.858 124.29 118.82 110.393 102.547 95.7163 86.8513 85.9553 83.6773 79.4347 75.7185 71.8397 67.3773 66.1675 62.8951 56.6435 55.063 52.2104 48.3467 43.0084 40.8111 38.8454 37.3182 36.0634 34.629 30.7325 29.9863 30.862 32.0658 32.8736 32.801 32.4787 31.622 30.0836 29.5069 28.2933 29.4321
313.994 303.706 293.451 285.884 276.662 270.715 265.419 255.908 246.911 240.03 233.243 227.863 222.162 216.378 209.744 201.605 197.803 195.325 192.268 187.148 184.873 183.231 178.837 175.772 172.974 162.601 144.933 136.328 130.562 124.597 118.333 111.157 103.074 102.173 97.2452 95.331 89.0273 84.5349 81.4972 75.6459 68.9987 65.5796 61.8027 56.3086 50.7738 49.7505 47.457 44.0964 41.4592 41.7284 39.7165 38.0321 36.1873 33.288 32.1353 32.7952 33.4818 33.8988 34.0437 33.8264 32.9073 32.1375 31.6034 30.7298 31.1284
322.983 311.344 302.819 291.088 283.128 275.546 269.03 257.612 252.372 243.936 239.368 234.345 227.653 222.902 212.31 204.792 200.496 198.008 195.19 189.362 185.012 181.259 177.095 174.362 168.539 154.724 146.555 138.962 131.662 123.938 116.945 111.437 109.221 108.503 106.971 101.903 95.9192 92.2322 86.4855 80.6039 73.4699 69.0016 67.5899 57.9031 49.6102 47.4485 47.1433 44.3154 42.2874 41.9012 40.6291 39.5178 37.5955 36.3667 35.4665 35.1881 35.1459 35.0433 35.3905 35.5674 34.5624 34.5451 35.1842 33.6582 31.4253
328.965 319.733 308.109 297.288 290.916 281.445 269.817 263.219 256.102 247.672 241.792 235.806 231.542 225.957 214.402 206.101 201.588 198.32 194.786 192.423 187.164 181.857 176.814 172.511 163.869 156.495 147.97 142.495 135.887 128.486 122.233 118.719 116.401 113.37 110.273 105.818 101.418 96.5745 92.3058 87.8654 81.0891 74.8153 68.553 60.117 50.8876 46.9744 44.9469 43.4804 42.3277 42.4445 42.5378 41.6155 40.3414 40.161 36.7644 36.4991 36.4302 36.2566 36.4516 36.1691 35.8248 35.6089 36.0094 34.4638 32.6562
334.319 324.997 314.508 307.601 295.443 283.126 276.018 267.023 259.458 253.517 244.994 237.78 232.281 229.391 225.372 215.173 205.391 199.431 197.485 196.958 190.612 185.121 178.852 170.89 160.738 154.962 149.619 144.809 138.396 132.394 128.823 126.269 123.597 117.524 112.1 108.582 105.307 101.182 96.0942 90.517 84.6167 77.1367 68.6722 58.2046 50.0278 47.3146 46.325 45.6357 44.5837 44.5764 44.2337 42.3844 42.4828 41.8814 39.6208 39.4923 38.7084 37.1639 37.4905 37.3453 37.0948 35.9453 35.9617 35.288 34.3947
338.487 328.352 317.354 307.734 297.98 289.276 282.844 274.932 266.467 259.506 248.394 241.212 235.839 231.536 227.438 222.088 208.513 201.391 200.88 200.208 193.669 184.154 176.272 163.877 157.876 155.555 151.056 146.93 142.172 135.623 133.018 132.568 126.394 117.194 113.473 110.627 106.527 101.008 94.803 87.8954 83.0374 75.1536 67.4761 59.9898 53.6244 50.1013 47.9059 47.7534 48.2074 46.9291 48.0486 47.6581 46.6827 45.081 43.1825 42.6658 41.6688 40.1101 39.4057 40.9312 40.1538 37.4866 36.679 36.6913 35.7863
333.726 324.418 318.513 311.787 304.606 296.801 286.733 281.025 273.082 268.064 258.028 244.826 236.867 231.7 228.908 219.972 208.042 205.702 204.553 200.467 192.16 183.587 176.348 165.754 163.012 160.795 157.917 153.248 144.816 141.453 139.292 136.503 128.699 119.54 116.029 111.786 108.088 104.659 92.6228 85.7226 82.0249 74.6851 67.8261 64.6236 64.4413 59.6052 55.1435 49.5196 50.1237 49.7131 50.8753 50.8559 50.2206 49.9071 47.653 44.0275 42.296 40.5006 40.7571 42.0285 42.7196 41.2093 39.5153 38.0219 36.524
334.938 328.676 323.306 316.371 308.022 297.432 287.041 283.535 279.789 272.345 257.731 245.92 238.636 234.28 230.758 224.149 219.397 216.449 210.729 201.245 192.961 182.199 176.212 169.763 166.199 163.16 161.875 156.426 150.461 148.506 144.472 138.705 132.195 125.791 119.262 114.801 113.118 109.191 99.7151 96.2793 87.6633 77.099 73.4771 71.0973 69.8207 65.6881 60.4175 53.4527 53.2896 53.5809 53.6935 53.965 52.7969 49.679 47.0575 43.1227 41.7256 41.2319 42.0558 43.1971 43.7926 43.2436 42.6964 40.5508 37.7149
342.168 334.162 327.418 317.522 303.662 293.513 289.802 285.979 280.893 269.849 259.229 249.322 239.15 235.442 232.03 226.896 221.601 212.603 204.633 194.112 186.139 181.006 177.78 172.334 168.054 165.311 165.791 162.364 156.427 151.237 144.186 138.542 135.264 129.618 123.046 118.865 116.008 111.71 105.894 101.89 92.7685 83.7463 79.2122 77.8739 73.958 68.1443 60.5329 54.9501 54.6387 55.9332 55.8715 54.287 56.138 53.3675 48.8028 46.8167 44.5338 43.8113 45.9498 45.4354 45.4629 47.5446 44.1327 41.3997 38.8085
348.56 341.481 330.48 314.793 304.368 300.347 296.708 292.522 285.36 275.975 266.231 251.312 242.349 238.605 232.021 223.673 218.159 206.736 197.297 191.58 189.538 184.749 181.965 177.066 172.587 171.582 169.829 164.889 156.71 151.083 144.604 138.906 136.186 131.894 127.505 124.195 119.012 113.772 109.708 103.007 96.7419 89.814 84.7177 80.9297 75.6572 70.6238 62.9628 59.3531 58.029 58.662 57.9328 57.6615 57.9153 57.4708 52.4309 52.6172 53.4331 52.2854 51.8251 50.4659 48.4501 48.0197 43.9043 41.0134 39.087
352.814 344.206 332.624 323.374 315.618 308.096 302.497 295.34 285.647 277.885 265.787 254.893 249.099 242.694 235.031 223.783 214.624 208.458 202.394 202.901 195.787 187.321 186.157 182.984 178.728 177.134 172.637 165.038 157.656 153.672 146.825 140.668 138.797 134.915 131.771 129.424 120.003 113.911 108.471 100.689 93.7013 90.1825 87.3402 83.3657 79.6901 76.1191 69.742 63.469 60.2593 60.4727 60.9173 61.3045 60.7744 60.3297 56.7588 57.25 59.0747 58.4097 57.7651 56.0816 53.4564 49.7508 44.4834 42.2912 41.9815
362.611 351.94 343.127 335.843 325.934 315.343 307.136 297.196 285.08 277.574 268.061 260.469 253.914 247.668 238.46 229.203 223.807 221.469 217.813 212.787 197.652 192.661 193.158 188.314 183.458 180.949 175.145 168.084 161.968 160.874 152.426 145.422 142.199 137.261 132.181 126.87 120.957 113.635 107.047 99.1496 94.1486 90.7622 87.0405 84.7466 82.8119 79.3359 73.2586 67.2097 61.7537 61.326 65.2038 65.7547 63.8312 62.4749 60.4985 61.131 62.4117 62.7121 62.8136 60.2502 56.7328 51.2949 47.2918 45.6351 43.7707
366.066 356.098 347.924 338.157 327.91 319.409 308.57 297.218 288.54 279.587 267.609 259.942 257.34 254.225 244.832 239.858 231.294 231.538 227.343 219.195 210.054 202.459 197.627 191.594 188.19 184.972 181.101 177.148 172.743 169.321 158.414 150.765 145.309 138.353 132.344 127.794 122.367 115.142 110.794 105.173 100.939 93.6393 91.0324 88.4038 84.9993 79.6381 72.8027 68.1392 66.1888 65.5191 68.0196 68.1319 66.5542 65.1665 63.9097 63.7266 65.3936 66.7695 66.3958 62.6959 57.5572 53.6589 50.045 47.7744 45.9817
368.145 356.068 346.194 338.144 329.159 322.447 312.295 301.5 292.807 276.926 266.008 267.847 267.025 262.132 255.108 250.976 240.612 241.183 237.179 228.371 218.808 209.859 203.266 198.448 195.362 192.706 190.766 186.862 179.514 172.962 162.872 154.459 148.602 140.709 133.589 132.887 129.385 121.111 114.772 112.025 107.773 102.605 98.3294 96.2193 91.7078 84.7692 74.8386 72.4951 71.567 70.2557 70.8846 71.4888 70.2121 67.9276 66.8031 66.7451 67.405 69.1307 68.5516 64.9086 60.7682 56.3261 52.1929 48.0885 45.4908
362.968 353.107 346.055 339.566 333.229 323.529 318.805 311.638 301.64 289.098 278.061 276.337 271.616 265.155 259.88 256.374 250.386 246.993 242.717 231.92 217.898 211.487 208.593 207.355 204.137 201.925 198.161 191.442 182.159 174.276 164.295 155.704 147.672 141.865 137.626 133.251 127.746 122.002 118.007 116.285 114.358 111.928 109.043 105.228 99.3971 90.8181 83.6962 79.9763 76.4121 73.9241 74.1758 75.8505 74.6775 71.3957 70.3608 71.0584 70.698 71.9996 71.5655 67.5694 62.5517 57.6605 53.999 49.7583 47.7052
364.799 356.936 350.581 343.13 337.523 329.153 321.089 315.627 307.981 295.647 287.412 280.42 273.813 268.832 265.352 262.594 255.311 245.537 238.197 230.9 219.538 214.401 215.371 214.341 208.801 203.258 199.026 193.785 186.278 177.651 166.672 157.305 149.811 143.394 140.184 136.109 128.666 122.385 121.383 120.799 119.854 116.949 116.179 114.172 107.102 100.335 92.4175 87.2486 81.3533 75.0343 77.2602 79.171 77.1874 74.0451 74.4021 74.7679 73.711 75.0632 73.1836 69.6647 65.259 60.2291 55.4951 52.2594 50.5731
370.617 359.797 351.994 346.635 340.507 332.753 326.013 319.443 312.451 302.963 290.412 282.439 277.125 275.186 271.515 262.826 256.59 252.684 244.698 239.49 231.145 226.027 221.966 218.792 214.391 210.82 203.617 195.315 186.996 178.806 168.532 161.858 154.736 146.865 142.516 136.987 129.361 125.862 125.295 125.085 123.905 121.479 120.039 116.475 110.074 104.728 98.5766 92.688 86.1611 79.1904 79.7973 80.9454 80.8626 79.8362 80.0156 80.0608 79.4397 78.9417 76.3328 73.3703 67.9574 63.9359 60.5879 56.2727 54.5652
371.304 360.705 352.552 346.838 340.947 333.866 327.616 321.204 314.371 308.012 296.252 288.727 283.295 282.012 273.727 265.223 263.82 258.908 250.918 243.017 236.064 231.55 226.195 223.643 221.512 217.019 208.714 198.793 187.156 178.887 172.27 165.599 159.72 151.863 143.524 137.643 130.781 130.417 130.041 129.638 128.328 125.753 123.213 116.752 113.307 110.02 104.894 99.5109 93.1385 85.7192 82.6421 83.0834 85.0932 85.4011 85.5541 84.3357 84.3983 82.38 79.5743 75.0068 71.0961 68.4323 66.1142 63.7209 60.3184
371.043 362.325 351.677 346.096 340.363 334.329 326.982 321.739 316.292 307.588 297.489 295.054 289.851 283.575 272.783 269.307 265.751 258.979 250.111 241.087 236.214 233.164 230.527 227.39 223.296 217.217 209.327 201.437 191.634 182.372 174.383 167.843 162.426 154.71 145.377 142.494 136.842 135.679 135.907 134.329 131.529 127.769 124.511 119.014 114.931 111.783 109.175 104.04 99.1461 89.2405 84.2965 84.6969 87.2885 90.2528 90.6565 88.9868 87.8186 85.6001 82.2377 78.848 74.0462 70.9076 69.3597 67.7399 63.065
370.726 363.087 355.633 347.288 341.911 336.916 331 328.695 318.703 310.284 303.543 296.074 287.871 278.69 274.054 273.161 269.402 260.296 250.536 242.04 237.081 234.624 232.364 228.61 224.424 220.635 212.015 202.869 193.821 184.628 176.473 173.902 168.458 162.28 153.304 149.67 142.781 142.559 142.288 138.674 133.833 127.955 124.974 121.362 116.463 115.016 111.59 108.852 103.914 93.7809 87.8882 89.3701 90.5435 92.8914 94.9412 94.9203 91.0858 89.5449 85.7358 80.9551 75.5915 73.9017 72.6882 68.8285 63.6341
374.004 367.693 359.838 353.086 349.05 340.425 335.641 327.359 316.037 309.651 305.204 297.059 288.616 283.453 279.115 278.563 271.724 260.506 249.911 241.929 237.814 234.878 231.592 228.098 224.704 221.057 214.379 205.502 196.587 187.827 182.849 179.947 174.541 166.54 162.048 156.191 152.936 149.737 146.999 143.707 137.51 131.404 128.165 124.469 120.527 118.025 115.266 111.486 106.561 99.113 92.8057 93.5244 94.7536 97.0925 98.6135 98.1773 95.3137 92.142 87.5895 82.8351 79.739 79.2785 76.0479 71.5343 66.352
377.593 370.277 363.578 360.837 354.434 343.319 335.15 325.148 318.939 313.817 311.048 302.563 294.339 290.841 287.054 282.15 276.026 266.38 254.732 245.13 240.229 235.966 232.346 228.727 225.137 222.463 217.885 209.878 202.036 194.859 192.833 186.312 175.951 171.547 167.773 162.453 160.591 158.64 153.617 148.472 142.466 138.736 133.822 130.308 128.715 125.476 120.372 113.552 107.992 104.079 100.277 100.429 100.364 101.308 102.842 100.396 98.0257 92.7106 89.2812 86.6701 84.039 80.2488 78.2253 75.3789 72.1171
