res/ca/ca512.asc
ncols         512
nrows         512
xllcorner     -124.00013888889
yllcorner     36.99986111111
cellsize      0.00027777778
NODATA_value  -9999
[rows 0 to 28 of 512, columns 195 to 259 of 512]
-3306.3 -3317.81 -3349.15 -3380.24 -3397.76 -3404.38 -3402.43 -3385.61 -3353.41 -3318.7 -3286.21 -3277.16 -3307.52 -3353.4 -3408.55 -3447.06 -3473.98 -3485.48 -3489.9 -3505.51 -3517.02 -3526.47 -3533.44 -3543.02 -3559.44 -3581.55 -3608.8 -3627.45 -3642.29 -3650.71 -3656.9 -3643.8 -3623.93 -3611.24 -3618.6 -3650.17 -3679.7 -3693.42 -3689.05 -3668.25 -3701.74 -3749.11 -3766.62 -3776.21 -3814.51 -3875.94 -3921.46 -3953.48 -3990.4 -4060.88 -4149.6 -4213.59 -4263.75 -4320.33 -4353.26 -4390.25 -4428.56 -4460.49 -4494.61 -4511.66 -4530.83 -4553.73 -4570.89 -4586.77 -4598.2
-3321.11 -3353.51 -3386.65 -3404.64 -3413.67 -3414.9 -3418.9 -3412.63 -3399.77 -3373.88 -3322.45 -3276.27 -3269.91 -3301.29 -3356.85 -3403.47 -3433.09 -3438.32 -3435.84 -3455.19 -3481.17 -3499.92 -3511.26 -3518.3 -3528.14 -3544.94 -3560.94 -3572.05 -3583.36 -3597.94 -3607.52 -3599.37 -3578.47 -3569.3 -3577.51 -3596.46 -3613.58 -3626.89 -3621.71 -3612.33 -3632.06 -3669.66 -3685.42 -3698.54 -3716.85 -3759.8 -3835.57 -3876.56 -3928.57 -4003.81 -4084.43 -4159.87 -4214.29 -4286.3 -4325.03 -4361.44 -4400.59 -4432.04 -4468.51 -4493.37 -4515.53 -4537.49 -4558.31 -4578.41 -4593.37
-3330.86 -3370.16 -3396.26 -3408.1 -3414.53 -3417.48 -3417.21 -3416.71 -3413.07 -3404.45 -3372.57 -3321.9 -3291.33 -3295.05 -3320.69 -3354.56 -3374.62 -3376.68 -3387.67 -3419.74 -3449.1 -3476.27 -3492.21 -3500.43 -3506.84 -3516.61 -3521.5 -3523.81 -3534.29 -3543.61 -3541.16 -3535.33 -3528.18 -3527.92 -3535.83 -3551.76 -3567.51 -3578.17 -3580.85 -3578.21 -3581.87 -3597.39 -3623.5 -3648.6 -3666.06 -3683.28 -3722.13 -3775.06 -3849.78 -3929.7 -3994.4 -4078.25 -4152.89 -4217.93 -4279.17 -4318 -4363.09 -4406.64 -4437.08 -4469.69 -4491.45 -4515.01 -4537.81 -4560.17 -4581.53
-3321.44 -3365.2 -3394.82 -3409.93 -3415.74 -3421.66 -3420.84 -3419.33 -3415.47 -3414.94 -3404.2 -3380.6 -3351.19 -3331.95 -3316.14 -3310.89 -3319.79 -3326.87 -3349.17 -3390.27 -3420.77 -3450.75 -3468.45 -3477.97 -3482.06 -3487.89 -3486.45 -3481.69 -3481.64 -3483.95 -3477.42 -3478.74 -3486.44 -3491.79 -3498.75 -3509.63 -3524.61 -3532.84 -3540.45 -3544.03 -3545.81 -3557.24 -3580.54 -3606.27 -3626.77 -3637.59 -3660.59 -3705.58 -3770.85 -3858.91 -3918.17 -3971.15 -4031.47 -4129.45 -4237.47 -4273.04 -4335.3 -4378.45 -4406.93 -4439.79 -4463.5 -4484.94 -4502.35 -4534.01 -4563.48
-3302.59 -3346.9 -3380.46 -3401.17 -3412.86 -3422.4 -3421.04 -3415.41 -3414.84 -3414.96 -3411.99 -3403.75 -3392.35 -3373.07 -3335.15 -3292.04 -3281.23 -3287.17 -3323.42 -3365.76 -3403.2 -3428.27 -3442.78 -3448.08 -3450.18 -3452.53 -3450.24 -3439.95 -3432.7 -3440.42 -3440.33 -3448.87 -3460.26 -3469.48 -3475.68 -3476.21 -3480.85 -3485.34 -3491.33 -3501.35 -3507.27 -3520.15 -3539.63 -3557.23 -3575.65 -3600.79 -3623.42 -3660.73 -3704.66 -3758.88 -3816.91 -3854.36 -3922.02 -4047.98 -4169.57 -4244.04 -4298.77 -4342.65 -4371.71 -4398.33 -4422.83 -4445.3 -4470.67 -4505.36 -4541.35
-3272.02 -3312.76 -3345.11 -3363.76 -3388.77 -3408.46 -3415.92 -3415.68 -3415.28 -3414.47 -3414.75 -3413.15 -3408.78 -3394.78 -3354.04 -3311.15 -3298.08 -3294.05 -3305.59 -3347.72 -3388.6 -3403.72 -3412.01 -3418.56 -3420.18 -3419.29 -3416.76 -3405.64 -3393.49 -3392.31 -3399.58 -3419.93 -3439.38 -3452.3 -3460.15 -3461.06 -3455.42 -3447.92 -3442.21 -3446.52 -3458.24 -3480.78 -3500.78 -3511.46 -3531.92 -3566.06 -3589.06 -3616.59 -3645.4 -3672.75 -3708.05 -3746.74 -3826.47 -3919.23 -4029.88 -4182.54 -4243.64 -4295.82 -4324.18 -4354.07 -4378.03 -4407.66 -4435.36 -4475.78 -4524.18
-3239.98 -3265.14 -3290.04 -3311.61 -3350.25 -3393.95 -3410.96 -3414.85 -3415.01 -3414.31 -3413.82 -3413.34 -3410.3 -3403.87 -3380.2 -3354.73 -3342.64 -3332.59 -3323.11 -3340.35 -3366.83 -3380.79 -3386.93 -3395.92 -3399.95 -3397.87 -3392.66 -3380.66 -3364.05 -3355.86 -3370.83 -3394.15 -3415.55 -3434.44 -3446 -3447.6 -3434.72 -3420.2 -3418.57 -3421.71 -3437.21 -3461.18 -3475.82 -3487.7 -3508.03 -3526.29 -3557.08 -3573.04 -3592.06 -3618.28 -3640.88 -3672.43 -3730.38 -3801.96 -3916 -4085.4 -4176.1 -4234.38 -4272.45 -4305.71 -4332.89 -4361.47 -4400.7 -4446.26 -4493.37
-3206.92 -3223.34 -3252.87 -3291.14 -3337.34 -3374.29 -3396.92 -3409.53 -3413.28 -3413.02 -3412.83 -3411.75 -3405.37 -3394.6 -3385.29 -3381.15 -3378 -3361.03 -3340.8 -3334.83 -3340.66 -3347.43 -3348.43 -3358.13 -3368.41 -3372.24 -3366.98 -3358.03 -3342.3 -3335.38 -3348.26 -3370.4 -3389.82 -3410.61 -3424.2 -3426.05 -3412.41 -3398.96 -3403.46 -3416.69 -3428.16 -3446.06 -3464.64 -3484.06 -3495.42 -3509.2 -3523.69 -3529.78 -3545.45 -3575.78 -3605.79 -3637.39 -3678.45 -3725.22 -3807.47 -3969.28 -4079.09 -4169.79 -4224.15 -4252.9 -4283.7 -4311.51 -4361.29 -4404.89 -4454.08
-3165.3 -3192.84 -3232.92 -3279.39 -3314.67 -3341.15 -3366.3 -3388.88 -3402.01 -3405.34 -3407.66 -3399.01 -3383.9 -3382.66 -3387.64 -3392.28 -3389.81 -3377.94 -3360.82 -3346.55 -3335.65 -3327.98 -3321.64 -3327.94 -3339.1 -3345.44 -3342.82 -3335.29 -3316.02 -3313.34 -3328.42 -3348.59 -3370.14 -3390.83 -3404.65 -3404.66 -3394.9 -3386.22 -3392.28 -3413.39 -3421.66 -3428.94 -3442.55 -3460.79 -3473.7 -3489.66 -3496.99 -3503.56 -3514.06 -3543.07 -3576.63 -3613.18 -3646.21 -3683.77 -3737.46 -3847.15 -3971.32 -4068.65 -4157.46 -4202.18 -4228.2 -4260.67 -4305.88 -4358.9 -4405.73
-3123.69 -3156.14 -3197 -3241.03 -3274.3 -3301.09 -3327.98 -3351.04 -3369.56 -3381.3 -3384.81 -3378.29 -3377.43 -3390.64 -3397.43 -3398.05 -3396.29 -3391.07 -3380.67 -3368.02 -3354 -3340.02 -3327.23 -3319.58 -3317.32 -3321.32 -3318.79 -3309.86 -3292.82 -3292.95 -3313.25 -3330.74 -3357.81 -3383.6 -3400.87 -3402.16 -3391.9 -3382.58 -3391.74 -3409.81 -3418.68 -3420.83 -3425.51 -3437.47 -3453.04 -3473.03 -3484.76 -3499.7 -3514.67 -3537.86 -3561.04 -3591.78 -3616.7 -3643.67 -3669.6 -3735.86 -3866.49 -3948.37 -4078.4 -4133.1 -4164.42 -4205.96 -4254.82 -4311.69 -4354.66
-3105.73 -3131.87 -3163.1 -3196.55 -3218.58 -3236.59 -3274.46 -3304.26 -3331.56 -3349.97 -3355.6 -3361.52 -3377.5 -3395.7 -3399.94 -3399.89 -3399.62 -3397.48 -3392.62 -3384.62 -3374.9 -3366.03 -3355.1 -3340.21 -3325.39 -3319.21 -3310.09 -3299.86 -3283.45 -3280.32 -3294.74 -3321.47 -3357.1 -3388.71 -3403 -3405.72 -3400.91 -3393.75 -3401.48 -3413.06 -3422.23 -3429.97 -3429.89 -3432.78 -3443.94 -3466.46 -3481.45 -3498.48 -3518.25 -3542.61 -3560.04 -3575.17 -3586.18 -3600.78 -3621.93 -3671.57 -3795.85 -3910.72 -3999.49 -4062.42 -4102.89 -4152.48 -4203.38 -4260.85 -4303.81
-3104.15 -3121.25 -3135.59 -3147.15 -3157.16 -3184.71 -3224.68 -3254.37 -3292.67 -3311.4 -3318.3 -3347.15 -3383.19 -3400.6 -3401.91 -3401.36 -3401.23 -3400.09 -3397.8 -3392.8 -3389.05 -3385.5 -3379.92 -3367.94 -3347.84 -3330.99 -3308.94 -3297.12 -3278.81 -3271.99 -3294.18 -3330.04 -3365.65 -3397.05 -3408.57 -3413.86 -3415.83 -3414.25 -3422.11 -3428.88 -3436.95 -3450.69 -3454.59 -3450.71 -3451.52 -3467.88 -3485.6 -3498.64 -3512.87 -3528 -3541.62 -3553.22 -3561.83 -3580.21 -3611.63 -3648.29 -3750.25 -3858.91 -3932.76 -3990.28 -4042.34 -4101.48 -4152.09 -4210.02 -4253.19
-3081.4 -3091.25 -3103.86 -3117.46 -3126.09 -3154.56 -3181.44 -3211.92 -3251.22 -3274.99 -3298.3 -3350.05 -3394.85 -3401.34 -3402.28 -3402.18 -3402.53 -3401.74 -3398.72 -3397.03 -3394.8 -3394.02 -3392.03 -3386.67 -3371.21 -3345.5 -3322.87 -3307.7 -3289.59 -3280.06 -3309.67 -3339.04 -3378.47 -3406.16 -3423.06 -3433.11 -3445.11 -3448.85 -3454.36 -3459.09 -3462.47 -3473.38 -3481.95 -3487.26 -3484.84 -3486.22 -3491 -3493.07 -3501.09 -3514.55 -3528.24 -3536.11 -3551.08 -3578.6 -3616.53 -3651.24 -3719.53 -3816.77 -3890.91 -3928.6 -3978.61 -4035.98 -4095.04 -4147.78 -4192.72
-3036.66 -3048.79 -3068.28 -3094.25 -3119.98 -3142.3 -3167.3 -3192.14 -3222.78 -3265.93 -3321.57 -3379.77 -3402.73 -3403.84 -3402.6 -3402.62 -3403.11 -3403.32 -3400.28 -3400.14 -3398.96 -3398.22 -3396.92 -3393.18 -3382.7 -3365.65 -3344.15 -3324.9 -3307.1 -3295.71 -3319.87 -3352.19 -3389.06 -3418.45 -3440.85 -3458.6 -3482.35 -3487.51 -3489.84 -3498.46 -3504.2 -3509.93 -3516.37 -3524.31 -3524.75 -3521.57 -3513.04 -3504.09 -3504.59 -3514.95 -3530.83 -3544.13 -3555.88 -3575.47 -3608.95 -3643.61 -3688.13 -3755.78 -3820.58 -3863.21 -3897.5 -3954.27 -4028.8 -4078 -4121.32
-2982.24 -3006.43 -3042.36 -3079.98 -3118.86 -3153.93 -3188.33 -3211.79 -3241.09 -3287.8 -3341.86 -3388.35 -3403.81 -3405 -3404.01 -3403.48 -3403.91 -3404.03 -3402.59 -3403.51 -3402.68 -3399.42 -3398.37 -3391.78 -3377.32 -3363.23 -3349.7 -3335.19 -3319.72 -3307.84 -3319.65 -3356.34 -3390.67 -3430.51 -3462.02 -3489.13 -3514.36 -3526.11 -3527.24 -3533.98 -3545.43 -3552.7 -3559.57 -3561.64 -3559.81 -3549.24 -3535.97 -3523.81 -3519.24 -3524.92 -3539.88 -3557.62 -3573.63 -3588.91 -3612.84 -3641.64 -3679 -3720.22 -3756.29 -3792.83 -3819.98 -3868.67 -3943.58 -3999.05 -4049.23
-2947.1 -2983.91 -3026.48 -3068.57 -3113.3 -3155.63 -3194.61 -3231.72 -3264.99 -3308.11 -3360.23 -3394.39 -3405.35 -3406.52 -3404.54 -3403.11 -3403.26 -3404.14 -3404.15 -3405.21 -3404.92 -3400.62 -3396.21 -3379.66 -3356.51 -3345.56 -3339.01 -3328.02 -3313.77 -3303.92 -3315.83 -3357.28 -3397.45 -3439.47 -3479.62 -3513.94 -3533.41 -3542.72 -3549.2 -3556.9 -3571.47 -3584.47 -3596.14 -3602.3 -3601.11 -3591.21 -3567.3 -3538.05 -3528.7 -3534.47 -3550.4 -3565.73 -3579.76 -3594.41 -3612.83 -3641.54 -3667 -3696.94 -3723.58 -3752.22 -3771.38 -3799.86 -3857.41 -3917.1 -3979.07
-2957.64 -2989.69 -3028.87 -3065.82 -3114.08 -3162.38 -3206.77 -3249.59 -3287.75 -3333.45 -3380.37 -3403.15 -3405.46 -3404.38 -3404.53 -3404.04 -3404.2 -3404.58 -3405.06 -3405.5 -3404.79 -3398.44 -3383.31 -3359.68 -3331.21 -3322.78 -3322.55 -3309.09 -3289.9 -3283.76 -3307.15 -3354.72 -3404.55 -3447.38 -3489.06 -3521.62 -3536.5 -3542.86 -3555.2 -3566.53 -3584.09 -3606.97 -3620.84 -3636.2 -3643.26 -3637.58 -3609.9 -3578.9 -3565.41 -3565.55 -3573.63 -3580.35 -3588.25 -3599.13 -3610.97 -3632.06 -3652.58 -3676.21 -3692.09 -3713.63 -3735.36 -3750.16 -3794.24 -3857.21 -3918.23
-2988.12 -3018.53 -3053.38 -3094.32 -3138.04 -3186.32 -3235.42 -3275.21 -3313.66 -3354.4 -3388.58 -3403.85 -3405.04 -3402.3 -3402.98 -3405.6 -3405.81 -3406.53 -3406.23 -3405.35 -3401.2 -3385.59 -3359.27 -3332.86 -3306.41 -3296.73 -3295.94 -3279.12 -3257.52 -3262.84 -3297.69 -3354.48 -3408.33 -3454.63 -3492.14 -3521.12 -3536.15 -3544.19 -3549.49 -3561.3 -3581.16 -3608.28 -3628.5 -3655.02 -3678.39 -3677.52 -3661.12 -3637.8 -3622.63 -3613.7 -3610.23 -3608.63 -3612.48 -3619.41 -3628.13 -3637.07 -3645.62 -3657.05 -3669.49 -3679.72 -3698.16 -3721.38 -3763.65 -3818.68 -3880.43
-3005.38 -3038.87 -3070.91 -3111.28 -3152.05 -3206.7 -3254.72 -3299.04 -3331.82 -3366.82 -3390.94 -3400.18 -3402.75 -3403.59 -3404.48 -3407.37 -3408.46 -3407.33 -3405.66 -3403.28 -3389.28 -3358.7 -3325.93 -3297.56 -3274.76 -3260.98 -3254.54 -3242.55 -3230.86 -3251.45 -3295.07 -3354.09 -3407.92 -3448.78 -3479.7 -3510.67 -3533.7 -3538.01 -3536.61 -3546.42 -3556.07 -3576.03 -3620.12 -3659.57 -3703.13 -3710.85 -3706.89 -3696.54 -3685.09 -3675.75 -3664.58 -3654.5 -3648.31 -3649.36 -3653.4 -3658.23 -3662.8 -3664.89 -3669.36 -3675.13 -3679.63 -3699.42 -3738.51 -3796.78 -3853.7
-3007.5 -3038.78 -3072.04 -3114.33 -3162.9 -3214.55 -3264.61 -3309.73 -3341.4 -3369.63 -3387.09 -3394.55 -3397.88 -3402.73 -3404.85 -3406.19 -3409.43 -3406.08 -3396.53 -3386.25 -3363.45 -3326.45 -3287.36 -3257.33 -3235.79 -3219.66 -3210.85 -3207.67 -3218.6 -3254.51 -3299.85 -3349.43 -3392.96 -3427.78 -3457.52 -3488.73 -3515.84 -3516.79 -3514.29 -3522.52 -3530.26 -3560.78 -3620.75 -3675.7 -3724.88 -3744.23 -3743.11 -3744.22 -3743.54 -3734.29 -3720.12 -3711.18 -3701.25 -3689.13 -3680.86 -3681.73 -3684.94 -3690.92 -3683.04 -3678.78 -3679.11 -3682.99 -3707.54 -3766.38 -3822.53
-3010.22 -3049.3 -3084.67 -3130.63 -3179.18 -3225.8 -3272.65 -3309.98 -3343.22 -3363.25 -3377.72 -3385.43 -3389.23 -3393.12 -3396.86 -3399.63 -3401.36 -3391.52 -3369.83 -3350.29 -3322.31 -3287.84 -3255.38 -3228.1 -3200.92 -3181.49 -3177.37 -3188.64 -3214.2 -3254.53 -3296.73 -3332.44 -3364.42 -3391.91 -3419.08 -3447.8 -3476.41 -3481.18 -3481.56 -3502.15 -3539.66 -3593.16 -3654.47 -3704.36 -3738.46 -3764.43 -3775.39 -3781.31 -3786.34 -3778.71 -3772.16 -3766.93 -3756.16 -3743.97 -3732.39 -3730.34 -3725.87 -3729.46 -3722.01 -3707.34 -3697.29 -3684.74 -3699.67 -3746.58 -3810.76
-3020.86 -3057.2 -3087.89 -3135.59 -3184.88 -3232.07 -3271.72 -3306.01 -3332.41 -3349.39 -3362.1 -3371.09 -3374.58 -3378.38 -3381.94 -3381.07 -3376.06 -3362.34 -3340.52 -3317.17 -3289.75 -3263.5 -3238.46 -3209.33 -3172.64 -3146.97 -3148.17 -3171.05 -3202.09 -3245.77 -3280.45 -3299.24 -3315.22 -3337.46 -3367.14 -3392.29 -3418.12 -3431.8 -3454.2 -3504.4 -3568.83 -3622.33 -3672.12 -3709.5 -3742.65 -3773.04 -3792.82 -3801.41 -3806.84 -3809.65 -3815.52 -3816.28 -3810.67 -3807.57 -3803.35 -3798.45 -3793.55 -3786.55 -3783.79 -3772.59 -3756.03 -3735.23 -3722.82 -3752.96 -3819.2
-3017.05 -3047.7 -3086.97 -3135.83 -3188.6 -3231.18 -3266.06 -3296.82 -3316.3 -3330.6 -3341.8 -3350.69 -3354.51 -3358.41 -3358.7 -3347.59 -3336.85 -3325.39 -3306.88 -3284.4 -3261.3 -3235.51 -3211.61 -3184.67 -3147.33 -3116.73 -3123.18 -3149.32 -3183.88 -3218.96 -3247.8 -3254.27 -3257.4 -3276.63 -3296.58 -3326.48 -3354.36 -3382.43 -3434.67 -3503.19 -3568.44 -3620.2 -3645.62 -3685.12 -3736.55 -3773.34 -3798.16 -3807.81 -3811.43 -3819.29 -3839.95 -3855.9 -3860.72 -3866.41 -3869.65 -3866.56 -3861.97 -3854.83 -3854.27 -3845.85 -3832.38 -3811.6 -3780.08 -3776.91 -3840.83
-3011.71 -3043.7 -3094.01 -3141.94 -3188.94 -3227.33 -3258.21 -3281.09 -3297.2 -3308.53 -3320.33 -3327.52 -3333.6 -3334.03 -3324.41 -3307.89 -3293.09 -3278.02 -3253.7 -3232.64 -3218.05 -3197.7 -3175.17 -3150.49 -3122.72 -3099.82 -3096.57 -3119.29 -3156.4 -3187.73 -3208.09 -3203.69 -3196.98 -3204.4 -3223.52 -3270.63 -3317.07 -3369.87 -3430.67 -3501.05 -3556.81 -3587.32 -3602.45 -3670.57 -3722.98 -3756.68 -3795.07 -3808.12 -3809.63 -3817.15 -3837.81 -3871.92 -3893.66 -3907.52 -3919.89 -3926.23 -3927.38 -3928.6 -3925.25 -3919.6 -3904.08 -3877.62 -3847.84 -3833.78 -3885.02
-3011.55 -3044.83 -3101.27 -3148.09 -3181.86 -3219.09 -3243.34 -3261.82 -3276 -3288.63 -3299.72 -3307.05 -3307.12 -3294.2 -3270.95 -3254.71 -3239.61 -3218.3 -3196.24 -3170.13 -3159.84 -3149.37 -3128.58 -3108.36 -3097.26 -3090.9 -3087.23 -3105.52 -3139.76 -3162.88 -3157.56 -3142.67 -3134.65 -3145.44 -3191.83 -3256.05 -3327.7 -3387.53 -3447.92 -3501.34 -3535.16 -3560.33 -3595.03 -3661.1 -3679.78 -3725.48 -3784.28 -3803.29 -3807.21 -3808.48 -3823.74 -3880.63 -3907.64 -3932.47 -3952.67 -3966.15 -3979.49 -3985.91 -3986.07 -3982.5 -3964 -3931.56 -3910.48 -3910.04 -3947.9
-3015.87 -3051.32 -3101.86 -3143.86 -3172.6 -3204.94 -3226.49 -3242.24 -3255.03 -3268.95 -3281.23 -3282.27 -3269.51 -3238.15 -3199.48 -3183.41 -3178.13 -3166.33 -3149.56 -3125.66 -3108.91 -3095.05 -3076.26 -3062.91 -3061.32 -3074.16 -3087.06 -3104.94 -3126.58 -3129.32 -3101.33 -3080.43 -3081.93 -3117.64 -3182.28 -3250.68 -3318.87 -3355.99 -3407.76 -3451.7 -3489.4 -3529.89 -3575.58 -3617.92 -3655.3 -3708.91 -3762.05 -3784.78 -3794.24 -3803 -3841.54 -3892.53 -3913.41 -3941.16 -3967.03 -3991.24 -4008.81 -4023.55 -4031.61 -4027.28 -4011.74 -3977.3 -3952.4 -3962.23 -3991.97
-3015.63 -3055.53 -3095.09 -3131.42 -3163.17 -3190.22 -3208.03 -3219.76 -3235.42 -3249.52 -3256.87 -3247.57 -3222 -3175.06 -3137.49 -3128.09 -3128.57 -3121.32 -3110.77 -3092.17 -3070.6 -3051.86 -3033.61 -3022.59 -3028.3 -3050.88 -3072.62 -3087.49 -3101.97 -3094.17 -3053.45 -3028.44 -3054.15 -3112.38 -3168.89 -3231.55 -3270.21 -3297.21 -3338.95 -3375.33 -3424.56 -3478.9 -3537.98 -3584.05 -3640.48 -3685.87 -3723.42 -3733.99 -3754.15 -3810.8 -3864.08 -3895.12 -3918.64 -3939.7 -3967.6 -4004.59 -4030.54 -4048.52 -4057.63 -4057.66 -4046.83 -4015.78 -3978.57 -3988.53 -4014.95
-3012.44 -3047.23 -3079.17 -3117.25 -3149.5 -3171.44 -3186.51 -3197.31 -3206.76 -3209.63 -3202.18 -3191.02 -3161.46 -3118.37 -3089.49 -3086.44 -3088.79 -3083.19 -3072.43 -3052.38 -3031.51 -3012.19 -2995.4 -2987.57 -2996.85 -3020.92 -3053.17 -3068.16 -3075.55 -3065.59 -3025.19 -3010.15 -3048.09 -3089.43 -3138.75 -3184.82 -3217.03 -3250.13 -3276.08 -3310.98 -3365.03 -3439.77 -3490.5 -3536.47 -3583.59 -3618.17 -3654.09 -3683.41 -3742.23 -3805.88 -3857.06 -3889.14 -3919.46 -3936.66 -3970.66 -4010.04 -4043.17 -4062.59 -4072.04 -4074.72 -4071.42 -4046.72 -4012.3 -4002.7 -4021.08
-3004.3 -3028.64 -3056.03 -3091.22 -3123.08 -3144.9 -3158.87 -3165.1 -3158.07 -3144.67 -3130.96 -3117.95 -3099.36 -3070.78 -3048 -3050.12 -3052.03 -3046.77 -3037.18 -3012.89 -2990.8 -2970.33 -2957.79 -2959.26 -2976.14 -3003.89 -3033.41 -3049.98 -3058.14 -3049.47 -3015.24 -3008.89 -3033.35 -3055.5 -3099.46 -3136.71 -3175.29 -3210.47 -3248.95 -3295.27 -3353.29 -3412.3 -3418.64 -3454.07 -3508.67 -3559.27 -3617.15 -3691.96 -3757.22 -3801.43 -3838.38 -3870.03 -3902.96 -3936.67 -3969.67 -4000.26 -4046.46 -4079.01 -4087.94 -4090.44 -4091.3 -4082.25 -4062.81 -4037.13 -4016.97
