res/ca/ca512.asc
ncols         512
nrows         512
xllcorner     -124.00013888889
yllcorner     36.99986111111
cellsize      0.00027777778
NODATA_value  -9999
[rows 203 to 231 of 512, columns 195 to 259 of 512]
745.701 745.832 728.028 711.49 685.66 665.997 647.937 626.276 617.556 599.328 584.691 571.84 561.983 551.951 525.96 491.197 478.17 464.587 447.845 433.934 422.127 405.062 391.992 376.199 352.777 331.522 317.465 307.694 297.185 289.931 275.793 267.544 243.566 225.548 216.369 200.884 167.999 159.613 159.662 142.065 114.098 100.218 93.7829 82.7672 75.7408 67.1689 53.8329 4.91643 -17.6732 -28.3856 -38.3089 -47.7579 -56.2404 -64.4941 -73.168 -83.5482 -96.7542 -109.306 -122.061 -134.529 -145.284 -154.539 -162.689 -170.186 -177.192
746.295 739.051 715.693 693.225 678.888 668.498 656.175 637.352 618.289 599.485 589.833 582.279 577.712 556.882 530.262 516.055 499.049 475.181 464.102 447.174 431.767 412.517 394.542 371.209 353.687 335.735 329.51 318.344 310.731 296.881 288.642 272.717 255.388 240.706 223.988 188.292 182.556 175.422 161.513 143.911 125.645 110.889 103.355 91.2115 85.0939 74.3883 61.5079 24.4038 -12.4668 -18.8195 -29.3711 -40.825 -51.2322 -58.096 -65.9622 -76.2743 -88.6831 -101.761 -114.633 -127.161 -138.267 -147.027 -155.328 -162.777 -169.797
740.908 726.292 704.571 692.794 675.437 658.13 643.709 629.731 621.015 614.276 602.434 589.175 572.315 564.428 553.372 537.228 511.341 495.299 478.334 451.588 431.093 408.627 391.435 378.065 359.986 351.543 350.791 336.199 318.319 305.759 288.071 269.524 250.499 225.575 211.557 203.462 193.859 177.898 162.736 148.867 138.649 129.02 115.29 104.265 93.0952 83.0701 48.3989 5.2491 15.0926 -3.93657 -20.4887 -32.594 -45.7827 -55.0315 -61.8733 -70.1951 -81.0569 -93.8586 -106.721 -119.299 -130.443 -139.218 -147.491 -154.879 -162.299
762.412 729.494 714.438 701.348 689.099 678.003 662.589 643.495 636.707 613.461 591.262 585.827 588.801 579.271 567.754 539.301 517.465 503.307 484.512 458.623 443.089 423.856 413.136 400.837 372.464 360.751 352.659 335.384 317.036 300.215 288.161 264.86 249.669 247.088 231.796 216.935 200.154 177.532 165.621 156.51 147.417 133.44 119.219 98.6216 67.0622 28.3346 24.2124 51.5054 44.8001 22.1763 -7.7519 -19.7639 -36.451 -46.6872 -56.3053 -65.6015 -73.1648 -85.8932 -98.8076 -111.437 -122.715 -131.386 -139.535 -146.864 -154.803
776.113 746.403 725.73 713.631 695.998 686.6 672.909 661.023 639.715 629.195 615.042 613.491 605.297 591.854 568.782 541.677 526.94 516.977 496.487 474.275 454.457 442.658 415.964 389.759 372.544 356.213 345.785 329.371 307.953 288.752 268.288 258.873 262.528 250.702 240.433 222.942 194.914 181.538 168.623 156.067 128.987 111.926 59.9247 37.7151 34.8921 60.4418 81.3173 67.0066 52.1181 35.1227 2.81759 -14.1109 -29.0146 -42.3964 -50.834 -59.4135 -67.7255 -77.8516 -90.6391 -103.094 -114.156 -122.721 -131.416 -138.715 -147.278
783.064 755.92 739.659 724.594 710.83 696.999 683.177 661.345 657.486 642.474 634.283 626.759 609.863 594.576 574.568 561.714 543.392 514.459 500.071 476.287 462.761 443.796 420.783 397.789 374.775 357.517 344.515 331.838 305.238 288.064 285.66 274.67 260.447 249.099 236.15 219 210.212 191.435 168.573 149.328 90.322 80.8646 116.109 115.335 108.565 101.847 91.3571 79.3175 65.1199 43.8743 13.371 -12.0637 -24.6156 -37.2319 -43.9227 -52.0343 -61.4221 -70.869 -81.5891 -93.3875 -103.613 -113.63 -123.17 -130.392 -139.831
790.128 765.867 755.618 738.17 722.263 706.328 686.824 683.302 672.324 657.226 651.1 641.818 628.172 608.415 592.607 570.641 547.379 522.83 502.837 479.179 461.477 442.083 421.125 395.568 377.923 366.453 350.662 332.08 324.526 305.909 289.224 282.12 271.905 256.605 240.753 229.315 214.977 193.253 176.122 154.217 104.154 142.545 133.67 123.486 113.074 107.266 102.898 91.9163 74.4194 53.7329 33.2615 -5.93246 -20.4252 -32.2648 -38.1282 -44.0329 -51.7466 -60.8036 -71.2277 -82.7734 -93.7293 -105.433 -114.986 -122.189 -132.413
794.908 779.767 759.151 740.412 725.888 715.279 705.813 696.852 681.939 671.806 666.493 658.787 643.622 614.681 590.565 572.95 545.92 527.09 501.261 480.33 460.847 446.544 427.893 403.06 382.606 369.758 357.324 346.968 330.593 316.05 299.928 285.062 268.493 257.843 249.309 237.529 224.712 202.311 192.732 137.703 126.94 155.987 147.515 136.557 124.166 119.624 112.627 97.7337 77.1584 59.6191 48.3246 14.4752 -14.5783 -24.9171 -32.4118 -37.0338 -43.8959 -51.7075 -61.4573 -72.1084 -84.111 -95.446 -105.833 -113.941 -124.911
792.75 773.89 758.345 745.589 732.252 730.158 719.468 712.502 694.003 684.534 677.675 671.859 644.115 612.547 588.51 572.231 557.513 537.691 516.001 496.318 470.935 444.132 416.206 406.729 396.716 380.579 358.933 346.415 337.616 320.955 303.526 289.26 275.499 263.955 256.629 244.775 232.27 216.331 196.341 132.69 172.869 168.063 158.581 150.175 138.136 126.86 115.003 99.887 80.2901 65.1497 55.0427 41.7165 -0.439743 -18.1937 -26.4593 -31.2451 -36.5983 -43.5872 -53.062 -63.5117 -74.4174 -84.061 -94.5609 -105.25 -116.605
795.859 783.175 766.916 757.294 747.759 736.539 734.851 719.592 704.977 695.376 684.756 661.919 636.598 612.198 588.546 572.809 559.026 540.507 515.446 500.256 483.584 461.267 441.692 417.972 401.093 380.136 368.666 362.978 337.186 321.677 317.211 307.492 291.929 278.081 266.094 250.061 228.464 207.635 183.249 148.409 186.114 177.355 166.303 153.577 140.76 129.028 114.999 103.916 89.9494 66.3018 58.1787 43.8406 1.27756 -16.138 -21.9642 -26.9414 -32.1182 -38.1203 -45.8564 -55.0951 -64.3528 -74.3845 -85.2388 -96.4197 -108.011
810.695 794.776 781.508 777.659 761.868 750.273 748.424 733.286 712.25 696.809 674.404 655.693 630.155 611.6 599.605 586.911 560.28 545.976 530.169 512.474 490.86 460.75 436.452 422.516 408.263 386.898 377.352 362.725 342.251 341.328 334.231 313.812 296.318 274.497 263.508 251.681 235.675 204.845 170.139 183.115 195.686 181.553 167 155.05 144.793 131.99 120.235 110.519 92.1314 74.4256 62.1596 41.7678 1.20516 -12.3444 -18.2381 -22.0403 -27.0875 -32.8787 -39.9767 -49.01 -57.6892 -68.026 -76.9557 -87.7449 -99.2578
816.458 810.078 803.212 793.829 774.434 762.707 756.843 740.62 720.039 704.047 680.587 659.568 644.23 626.976 609.398 581.262 573.921 556.677 534.45 517.312 491.687 471.096 447.894 426.781 410.205 401.818 394.973 369.873 357.52 353.495 333.394 319.881 297.276 286.205 278.065 249.974 233.433 180.175 205.852 210.567 201.33 184.875 171.483 160.596 149.062 137.576 119.466 106.87 93.2362 76.9923 58.8426 34.0347 11.3409 -5.34345 -13.1894 -15.9962 -17.6895 -24.2442 -32.7369 -43.213 -54.31 -62.0541 -70.1333 -78.3916 -88.2208
830.553 825.004 817.244 802.126 782.296 762.595 753.029 739.894 727.794 706.129 686.285 677.186 657.684 633.001 615.349 609.309 591.475 571.707 550.891 529.463 496.412 470.619 451.292 431.043 416.949 416.802 405.77 386.494 371.676 360.037 345.132 329.067 309.818 283.538 267.685 250.745 221.854 206.061 225.891 218.88 207.913 192.179 178.895 166.426 157.535 141.226 126.706 111.789 96.0258 77.492 71.8767 23.9607 50.3234 33.8536 10.983 0.409763 -7.07563 -14.2137 -22.6286 -33.513 -47.5259 -56.5803 -62.8305 -69.2339 -75.8714
843.041 841.319 824.852 806.05 799.525 765.573 741.685 731.648 717.718 707.442 704.265 686.724 664.651 650.051 638.277 623.007 608.109 584.324 558.734 534.784 505.779 480.676 463.197 445.928 433.261 428.254 414.886 397.611 381.233 367.619 356.545 341.148 319.252 298.541 270.251 239.027 241.154 244.431 237.428 226.353 210.308 197.657 186.136 176.02 159.464 136.428 119.306 105.564 98.8976 96.5089 77.7153 35.1649 67.4081 52.8591 35.8561 27.8527 13.7022 -5.15821 -18.648 -30.6549 -40.6729 -49.6686 -56.4501 -61.5803 -67.3407
855.252 845.019 834.199 819.82 800.9 774.882 754.373 741.966 739.57 729.402 716.922 695.413 676.387 663.042 655.619 639.289 616.636 595.32 573.51 548.414 518.995 494.184 481.106 469.537 453.218 436.011 419.1 401.797 381.525 367.133 357.923 340.113 322.063 294.783 271.877 274.21 270.063 257.126 241.116 227.21 208.338 197.247 189.887 176.801 170.062 155.823 136.529 121.414 110.378 95.1003 52.5556 68.6697 84.0892 62.2257 44.4574 33.7156 16.9626 -3.55973 -17.7333 -29.7274 -38.3978 -44.2038 -49.682 -54.012 -58.737
865.336 857.18 834.987 817.071 799.481 783.193 770.626 753.692 750.962 738.08 717.686 697.172 689.434 672.445 660.307 642.807 626.179 608.056 582.259 560.709 535.193 510.577 496.78 476.305 457.947 444.046 438.577 408.267 381.831 358.699 341.253 329.042 314.879 295.309 296.954 285.317 271.263 256.129 241.148 228.102 215.629 209.617 202.157 190.394 175.956 159.363 148.381 132.244 114.031 81.7596 82.4011 100.903 93.8175 77.3328 57.3951 36.9613 30.9181 11.577 -8.98133 -20.9945 -32.911 -37.959 -43.2527 -47.0315 -50.1636
887.283 864.601 838.763 821.409 805.769 794.029 776.267 764.2 747.856 735.189 728.805 714.92 700.841 680.115 659.275 641.726 626.633 608.487 586.361 564.876 544.877 523.95 505.333 489.346 474.289 459.592 441.761 410.142 377.676 366.171 362.63 349.192 326.632 317.421 302.834 283.747 272.169 256.527 248.64 243.827 229.328 218.732 212.645 196.992 179.436 167.441 154.995 130.892 84.724 86.5252 113.246 107.863 100.249 84.1734 64.7525 52.0392 60.7393 47.2501 18.4526 -14.0338 -25.2337 -30.9108 -36.2309 -40.0747 -42.9891
881.353 864.144 846.32 831.964 815.641 804.793 788.291 765.853 756.87 749.3 734.923 722.054 702.205 679.285 654.922 636.359 620.485 602.677 587.378 562.564 544.801 526.307 511.538 496.631 484.563 464.372 435.682 415.818 410.385 394.817 375.837 354.214 340.012 325.83 310.89 292.168 278.523 266.605 260 246.322 233.233 223.336 215.372 203.196 184.69 166.207 109.658 100.113 126.794 131.098 122.374 114.066 103.06 82.1446 79.6625 80.5105 76.7008 66.118 49.7563 -2.01496 -13.9381 -18.2236 -27.0105 -25.2459 -27.5567
878.304 867.538 856.984 840.421 819.032 811.032 798.306 786.712 773.699 759.267 741.672 723.646 701.702 679.674 661.76 642.353 626.385 606.456 585.533 559.202 540.94 530.239 513.75 503.845 495.899 476.069 452.995 437.001 423.775 407.663 386.76 365.924 346.373 328.592 313.88 298.236 291.949 276.687 258.937 246.531 229.804 217.832 208.842 201.294 187.884 150.465 121.276 157.643 148.38 137.141 128.908 124.443 108.229 99.6233 96.1213 92.4963 90.9181 82.8911 53.5849 29.8494 23.0497 -7.66856 -12.9664 -4.63097 -14.4174
892.463 872.217 858.57 844.488 832.901 826.121 815.617 796.714 780.63 771.535 750.87 731.238 716.842 700.221 680.773 659.06 637.805 614.735 594.665 566.876 553.888 538.807 522.12 508.859 500.742 488.36 470.693 448.661 432.483 411.346 388.067 375.988 356.785 336.775 320.389 308.728 300.926 279.162 258.805 249.222 245.732 232.463 224.874 202.232 138.046 135.507 170.706 166.056 156.331 142.356 130.105 116.425 113.342 114.657 105.726 97.2541 88.8309 68.4735 50.9198 72.4984 55.2822 30.3318 21.5054 3.49873 -12.0952
894.112 879.342 870.462 859.076 848.433 844.504 832.046 805.858 789.127 782.044 760.062 743.581 729.286 710.142 688.172 663.742 641.731 622.047 604.364 588.147 570.09 550.94 537.936 523.875 514.028 494.386 473.021 455.58 436.026 415.565 398.14 385.184 362.86 352.616 335.203 321.34 308.746 288.093 269.668 266.834 248.869 232.935 198.112 189.642 198.957 197.422 185.406 176.724 164.851 146.745 143.652 143.407 135.164 131.947 119.255 93.5618 87.963 96.5634 94.2967 83.0001 71.6718 58.3416 44.3813 23.563 3.49796
910.068 898.438 885.803 868.701 859.859 861.017 840.807 817.425 802.369 784.511 772.01 761.02 747.874 726.776 697.266 664.706 656.09 633.1 619.575 597.104 584.49 569.415 552.831 536.755 517.296 497.228 472.326 450.202 429.858 415.877 408.456 384.892 373.481 364.303 347.836 334.106 313.443 295.643 289.082 273.085 231.07 206.944 224.359 229.689 217.121 208.302 196.678 174.494 167.405 166.18 161.563 162.214 156.589 150.799 132.092 112.244 116.442 112.803 105.914 98.5886 86.8931 70.2924 53.9205 48.1965 31.7336
925.677 905.381 888.354 875.658 875.647 871.788 845.703 831.485 804.685 793.545 784.698 765.901 739.215 720.173 696.292 677.223 668.663 658.03 636.822 618.9 608.588 586.807 566.331 548.452 529.782 510.868 494.436 472.874 449.677 436.704 419.994 402.878 384.387 367.827 353.542 335.096 318.864 278.672 247.484 228.753 234.792 255.86 245.923 236.42 224.002 213.628 202.396 193.793 183.263 174.039 171.344 170.277 159.811 143.095 130.76 138.142 134.624 121.208 109.924 104.535 97.1662 75.7133 58.062 51.4935 45.916
932.426 919.119 904.921 896.499 888.805 880.749 856.557 836.125 818.471 813.897 800.085 769.728 736.572 719.23 698.076 687.532 672.977 668.309 656.674 638.53 623.05 600.817 578.172 558.175 538.878 521.291 503.627 486.473 465.54 445.252 424.015 404.403 386.072 371.874 356.912 334.444 273.268 260.322 284.486 279.009 274.719 265.476 253.258 234.435 227.481 221.042 216.652 208.936 198.235 183.934 180.651 172.28 156.8 161.434 167.579 154.85 142.674 126.871 118.232 110.065 98.0188 87.4338 76.681 62.841 52.1683
937.749 924.728 911.939 902.216 889.991 879.013 876.11 857.217 842.462 826.069 797.645 767.361 743.356 732.124 722.183 706.947 682.203 680.672 668.11 647.178 627.563 603.996 577.051 557.007 540.428 519.507 499.01 484.623 470.335 454.639 433.948 411.834 382.821 365.508 338.017 259.29 287.081 327.116 310.772 295.716 285.14 272.458 256.711 251.362 247.327 232.793 222.381 218.133 208.347 196.493 189.852 173.089 186.107 178.594 171.125 161.076 148.39 136.284 122.566 114.697 108.75 101.103 86.5263 71.1213 58.1855
952.586 934.755 915.707 905.861 895.805 895.095 877.419 863.894 855.626 829.333 809.712 788.07 764.352 746.491 733.917 715.617 704.733 694.985 677.661 655.772 632.05 609.596 588.067 566.407 547.161 526.876 503.185 484.192 470.267 454.939 433.908 410.492 395.83 355.43 283.778 325.48 344.501 335.567 322.801 306.906 295.184 280.615 271.558 268.4 256.148 241.058 231.622 222.639 209.208 197.127 186.358 191.28 189.4 183.847 173.571 162.358 152.498 137.672 137.712 129.458 119.196 106.278 91.8469 78.422 62.3281
960.982 941.307 932.471 923.651 910.862 900.808 880.191 869.197 852.277 837.994 814.822 795.704 784.142 765.4 750.238 735.266 719.912 705.136 683.824 658.078 631.729 606.245 585.261 564.698 545.936 524.37 506.747 495.054 475.058 455.816 438.013 416.718 393.537 309.168 350.241 364.938 357.059 347.028 332.855 316.412 303.4 294.98 285.485 274.191 258.653 247.368 238.27 222.34 204.821 200.136 201.952 196.534 192.74 183.174 174.356 164.772 149.696 149.857 147.496 134.13 120.301 107.795 96.2925 81.2061 67.9338
983.984 966.472 937.523 913.777 911.462 895.81 884.026 865.521 858.548 835.086 815.799 810.68 795.299 780.318 760.046 743.098 725.534 712.078 692.491 663.063 629.848 603.347 583.606 561.268 544.29 534.614 518.308 492.855 473.201 461.038 438.724 420.342 417.336 400.227 389.745 380.578 372.631 354.97 339.485 329.415 323.867 310.774 295.601 278.817 264.616 248.691 225.213 223.334 221.15 209.782 206.315 197.334 190.914 185.493 177.489 167.902 161.892 158.704 149.902 135.412 120.389 108.488 97.4322 83.7698 66.5762
992.395 966.313 947.364 925.901 922.116 902.272 888.47 875.598 857.192 850.773 832.6 815.455 803.098 791.863 767.651 746.049 728.184 713.651 693.319 663.782 631.494 606.269 588.332 565.364 549.758 534.952 512.517 495.141 484.235 463.181 460.035 458.267 438.76 420.234 406.01 394.006 381.137 360.779 354.575 342.951 332.784 321.944 303.882 280.982 264.636 240.318 237.267 232.371 226.801 217.995 211.564 204.984 196.103 191.653 188.166 182.279 179.321 169.195 155.827 140.537 119.836 101.742 90.0842 80.1874 73.742
