res/ca/ca512.asc
ncols         512
nrows         512
xllcorner     -124.00013888889
yllcorner     36.99986111111
cellsize      0.00027777778
NODATA_value  -9999
[rows 290 to 318 of 512, columns 325 to 389 of 512]
-541.569 -633.087 -773.265 -904.215 -1011.92 -1105.25 -1184.54 -1239.15 -1253.14 -1266.57 -1274.78 -1288.12 -1344.95 -1450.42 -1527.51 -1589.16 -1638.52 -1706.12 -1755.41 -1803.01 -1841.84 -1871.2 -1893.15 -1872.43 -1854.71 -1872.88 -1861.68 -1868.94 -1892 -1930.19 -1938.99 -1917.19 -1954.52 -2026.79 -2061.5 -2061.46 -2106.78 -2117.15 -2123.59 -2132.86 -2154.8 -2180.54 -2228.43 -2242.21 -2248.58 -2259.93 -2269.91 -2295.42 -2332.28 -2369.9 -2398.42 -2416.8 -2443.82 -2469.09 -2481.09 -2487.04 -2502.62 -2545.16 -2600.77 -2649.5 -2678.63 -2688.08 -2692.83 -2692.7 -2696.75
-563.481 -686.613 -842.222 -942.299 -1035.88 -1118.77 -1177.75 -1213.83 -1234.68 -1252.21 -1265.47 -1283.31 -1356.04 -1466.17 -1557.17 -1635.14 -1704.95 -1770.1 -1820.07 -1852.71 -1882.2 -1895.59 -1897.62 -1882.18 -1856.33 -1856.78 -1858.43 -1866.22 -1901.46 -1921.16 -1911.44 -1901.74 -1914.54 -1992.27 -2017.27 -2047.79 -2091.6 -2099.73 -2106.17 -2120.18 -2134.54 -2160.16 -2200.83 -2230.81 -2249.09 -2271.07 -2288.14 -2304.82 -2338.43 -2386.35 -2426.37 -2455.27 -2490.26 -2518.01 -2528.31 -2533.35 -2558.08 -2605.2 -2644.07 -2672.13 -2694.4 -2699.21 -2700.38 -2701.32 -2708.49
-597.452 -745.792 -870.058 -954.044 -1031 -1097.36 -1147.02 -1184.5 -1213.58 -1237.69 -1259.28 -1293.29 -1372.27 -1466.46 -1561.52 -1649.35 -1725.11 -1786.28 -1833.51 -1867.24 -1887.73 -1895.48 -1898.13 -1891.36 -1877.66 -1868.18 -1871.13 -1876.9 -1909.82 -1925.35 -1900.95 -1903.49 -1935.17 -2019.26 -2055.09 -2069.54 -2082.18 -2085.84 -2093.83 -2107.32 -2122.35 -2143.9 -2173.19 -2209.93 -2250.55 -2287.91 -2312.95 -2323.46 -2345.97 -2385.07 -2432.84 -2475.21 -2511.03 -2549.5 -2570.34 -2581.4 -2613.73 -2657.03 -2682.02 -2691.1 -2703.1 -2711.94 -2718.62 -2723.92 -2730.68
-653.342 -770.624 -868.18 -943.153 -1007.81 -1066.37 -1114.91 -1158.94 -1192.58 -1226.03 -1270.81 -1329.02 -1410.21 -1485.4 -1553.68 -1657.92 -1734.26 -1795.34 -1836.35 -1862.18 -1881.35 -1888.99 -1894.27 -1891.67 -1889.3 -1889.27 -1908.6 -1916.22 -1928.2 -1943.99 -1929.4 -1936.73 -1979.49 -2027.2 -2055.47 -2071.5 -2080.49 -2080.13 -2087.68 -2098.14 -2111.87 -2130.61 -2153.97 -2189.07 -2244.08 -2300.45 -2330.06 -2345.96 -2366 -2389.34 -2435.7 -2484.31 -2523.16 -2566.2 -2597.76 -2618.67 -2652.53 -2693.67 -2714.52 -2710.48 -2712.18 -2734.98 -2746.83 -2749.83 -2750.27
-671.585 -761.371 -843.337 -912.223 -974.654 -1033.32 -1089.53 -1137.88 -1178.39 -1225.92 -1287.99 -1363 -1442.14 -1509.63 -1571.16 -1652.04 -1734.21 -1791.31 -1832.65 -1859.69 -1871.01 -1881.78 -1892.07 -1894.09 -1897.86 -1895.14 -1912.48 -1926.52 -1939.42 -1953.79 -1965.16 -1982.71 -2008.14 -2031.71 -2049.53 -2068.22 -2074.87 -2077.36 -2082.16 -2092.92 -2105.62 -2118.05 -2134.12 -2168.18 -2227.57 -2299.16 -2342.43 -2367.01 -2393 -2416.65 -2446.81 -2495.83 -2546.68 -2589.14 -2630.31 -2662.1 -2698.1 -2729.32 -2744.55 -2743.74 -2742.05 -2754.37 -2758.78 -2760.47 -2767.03
-669.527 -756.933 -838.445 -905.615 -968.656 -1030.22 -1081.48 -1130.79 -1179.69 -1235.8 -1305.31 -1385.16 -1460.7 -1529.09 -1589.59 -1657.48 -1723.48 -1774.63 -1814.05 -1844.95 -1845.97 -1810.25 -1822.33 -1859.34 -1908.88 -1897.2 -1923.44 -1930.95 -1941.72 -1958.23 -1979.28 -1996.16 -2006.1 -2020.25 -2040.18 -2051.31 -2063.02 -2073.64 -2077.44 -2087.2 -2098.87 -2108.8 -2124.18 -2158.18 -2215.52 -2294.57 -2351.81 -2383.77 -2414.2 -2446.03 -2487.01 -2537.97 -2583 -2621.27 -2659.84 -2700.49 -2735.51 -2751.95 -2756.11 -2759.33 -2761.43 -2761.85 -2763.05 -2772.17 -2779.48
-650.513 -753.063 -848.648 -925.708 -990.401 -1045.26 -1092.74 -1142.75 -1193.15 -1250.68 -1319.88 -1394.26 -1466.14 -1536.02 -1599.85 -1658.73 -1712.25 -1760.03 -1799.29 -1811.83 -1778.49 -1816.22 -1847.68 -1893.91 -1909.4 -1918.44 -1936.85 -1938.73 -1949.37 -1963.5 -1975.07 -1990.64 -2001.84 -2013.4 -2030.59 -2043.85 -2055.61 -2067.35 -2072.9 -2080.72 -2091.38 -2104.81 -2125.34 -2163.78 -2229.26 -2303.97 -2358.15 -2394.68 -2430.46 -2472.26 -2526.72 -2584.59 -2626.35 -2655.65 -2689.48 -2728.06 -2749.44 -2755.38 -2755.86 -2758.4 -2761.42 -2766.61 -2774.46 -2785.11 -2787.61
-606.082 -728.102 -842.663 -941.63 -1022.12 -1079.67 -1122.85 -1169.02 -1218.95 -1271.32 -1332.72 -1396.24 -1467.02 -1539.65 -1605.22 -1662.17 -1709.39 -1751.78 -1786.7 -1798.17 -1809.5 -1829.91 -1849.38 -1881.22 -1905.22 -1919.58 -1933.52 -1941.33 -1953.74 -1965.97 -1980.92 -1996.52 -2008.47 -2013.24 -2022.94 -2036.01 -2049.73 -2061.51 -2069.15 -2076.34 -2087.39 -2104.72 -2132.14 -2188.32 -2270.24 -2334.21 -2377.52 -2419.26 -2458.83 -2507.49 -2564.87 -2623.83 -2670.73 -2699.27 -2722.26 -2742.47 -2751.09 -2755.84 -2753.43 -2752.07 -2757.37 -2763.77 -2774.36 -2783.85 -2785.71
-598.508 -719.245 -835.741 -938.14 -1031.59 -1105.92 -1154.68 -1198.79 -1247.52 -1298.58 -1355.37 -1409.67 -1468.06 -1534.01 -1594.69 -1652.24 -1696.3 -1740.77 -1772.07 -1794.19 -1812.67 -1824.06 -1834.25 -1868.57 -1901 -1907.1 -1916.96 -1938.42 -1965.68 -1981.71 -1990.35 -2002.13 -2011.84 -2019.25 -2024.11 -2033.78 -2046.57 -2056.8 -2066.31 -2077.19 -2091.71 -2114.87 -2148.19 -2207.5 -2291.5 -2351.12 -2402.15 -2442.53 -2478.78 -2530.79 -2602.2 -2659.88 -2700.8 -2727.9 -2743.41 -2747.74 -2749 -2751.01 -2749.33 -2747.51 -2749.84 -2753.03 -2760.35 -2768.24 -2769.46
-602.164 -721.622 -833.089 -932.426 -1024.62 -1101.21 -1165.5 -1223.72 -1273.56 -1325.41 -1380.42 -1431.77 -1482.89 -1536.92 -1585.44 -1635.72 -1681.63 -1722.43 -1753.11 -1779.75 -1802.91 -1825.22 -1841.2 -1869.62 -1898.1 -1895.49 -1910.03 -1934.44 -1960 -1989.19 -2001.75 -2013.55 -2024.2 -2029.88 -2031.1 -2036.4 -2046.33 -2058.13 -2069.82 -2082.15 -2101.8 -2134.04 -2176.5 -2235.87 -2303.47 -2361.04 -2417.12 -2462.51 -2496.41 -2546.43 -2618.63 -2672.28 -2710.4 -2735.89 -2746.17 -2747.88 -2746.51 -2744.38 -2743.16 -2744.81 -2745.32 -2743.55 -2745.2 -2751.96 -2756.47
-607.406 -716.318 -819.989 -916.082 -1006.02 -1086.35 -1158.94 -1228.29 -1287.77 -1342.26 -1393.93 -1441.68 -1489.16 -1535.65 -1578.14 -1621.68 -1666.56 -1711.94 -1749.22 -1779.36 -1803.77 -1825.75 -1850.72 -1877.12 -1894.1 -1901.32 -1909.34 -1924.59 -1947.45 -1975.42 -2014.91 -2028.61 -2039.57 -2042.58 -2043.48 -2047.58 -2052.63 -2064.67 -2077.96 -2091.45 -2116.13 -2158.56 -2212.5 -2275.9 -2329.7 -2380.21 -2435.31 -2486.33 -2525.46 -2573.01 -2618.94 -2657.56 -2699.18 -2733.59 -2742.15 -2744.21 -2743.09 -2739.52 -2739.98 -2742.55 -2740.61 -2739.54 -2738.01 -2743 -2750.37
-608.76 -706.294 -802.521 -896.119 -988.671 -1078.01 -1157.66 -1229.55 -1290.47 -1345.38 -1398.74 -1447.12 -1490.79 -1532.28 -1569.22 -1608.38 -1654 -1701.92 -1739.79 -1771.99 -1800.47 -1827.07 -1853.66 -1881.22 -1906.76 -1912.64 -1920.61 -1928.69 -1939.99 -1973.4 -2033.14 -2036.91 -2046.41 -2053.29 -2053.84 -2055.23 -2062.13 -2070.61 -2078.08 -2094.71 -2135.7 -2193.92 -2263.92 -2311.97 -2354.98 -2388.97 -2434.98 -2494.47 -2531.65 -2569.91 -2597.21 -2615.82 -2669.9 -2720.52 -2732.74 -2736.82 -2739.95 -2738.59 -2741.01 -2740.43 -2735.54 -2737.12 -2735.59 -2740.23 -2750.37
-588.666 -674.621 -768.793 -866.356 -970.214 -1072.3 -1155.96 -1225.11 -1283.07 -1336.78 -1391.16 -1438.45 -1484.84 -1527.34 -1566.95 -1607.3 -1651.07 -1689.89 -1712.27 -1765.37 -1799.83 -1832.38 -1861.93 -1876.41 -1890.66 -1917.15 -1932.53 -1940.83 -1949.56 -1982.54 -2032.2 -2037.55 -2046.27 -2052.87 -2056.05 -2063.11 -2070.91 -2073.08 -2079.32 -2101.72 -2149.5 -2209.95 -2265.54 -2295.81 -2319.17 -2325.98 -2375.07 -2461.11 -2511.05 -2538.71 -2582.56 -2608.9 -2657.3 -2701.2 -2719.99 -2732.81 -2738.21 -2738.51 -2738.62 -2735.76 -2732.82 -2731.41 -2732.57 -2738.91 -2749.8
-524.675 -611.698 -717.969 -835.325 -953.565 -1064.16 -1155.24 -1232.18 -1293.04 -1347.85 -1396.23 -1434.52 -1469.68 -1511.3 -1557.99 -1600.9 -1642.22 -1682.39 -1722.93 -1762.68 -1798.02 -1835.78 -1873.83 -1883.85 -1888.86 -1908.06 -1931.11 -1950.95 -1962.7 -1994.42 -2018.92 -2040.94 -2049.59 -2059.51 -2065.42 -2069.68 -2074.88 -2077.81 -2094.22 -2125.04 -2170.06 -2219.33 -2251.41 -2264.13 -2274.47 -2282.7 -2316.83 -2413.38 -2495.57 -2522.73 -2579.54 -2628.15 -2650.79 -2684.83 -2711.77 -2728.67 -2736.81 -2737.55 -2737.49 -2735.87 -2735.02 -2731.95 -2731.83 -2736.46 -2744.09
-518.954 -631.711 -735.609 -846.953 -961.856 -1074.83 -1168.28 -1242.53 -1304.38 -1352.52 -1391.75 -1429.52 -1467.61 -1503.14 -1548.7 -1594.86 -1635.54 -1673.94 -1715.45 -1753.58 -1794.77 -1829.3 -1863.39 -1876.73 -1895.51 -1914.9 -1934.32 -1953.79 -1973.43 -1993.23 -2013.61 -2035.87 -2057.33 -2061.67 -2066.41 -2078.62 -2092.36 -2101.77 -2123.26 -2157.33 -2188.43 -2218.28 -2244.82 -2257.5 -2262.35 -2272.96 -2306.89 -2404.42 -2493.89 -2526.31 -2582.4 -2650.31 -2677.88 -2698.43 -2717.63 -2729.24 -2735.11 -2736.93 -2738 -2735.84 -2730.63 -2727.48 -2729.75 -2732.28 -2739.05
-497.042 -628.006 -748.395 -853.83 -959.862 -1060.41 -1148.77 -1222.98 -1286.98 -1341.28 -1385.49 -1431.36 -1467.38 -1504.7 -1546.93 -1589.2 -1627.97 -1666.66 -1708.14 -1751.78 -1791.1 -1824.56 -1834.52 -1864.87 -1899.31 -1927.75 -1948.83 -1968.5 -1987.8 -2004.46 -2020.62 -2037.58 -2059.52 -2062.12 -2066.77 -2082.49 -2105.99 -2123.6 -2141.53 -2167.69 -2187.28 -2200.93 -2223.43 -2250.51 -2267.56 -2290.87 -2339.92 -2422.58 -2493.82 -2540.95 -2597.26 -2656.36 -2688.92 -2708.16 -2721.32 -2726.75 -2730.79 -2732.94 -2731.26 -2727.92 -2724.26 -2725.27 -2728.39 -2731.55 -2738.53
-491.077 -622.514 -736.341 -836.312 -934.544 -1026.15 -1114.12 -1194.46 -1270.57 -1334.29 -1379.08 -1424.12 -1459.38 -1500.11 -1544.72 -1583.43 -1621.28 -1661.61 -1701.1 -1739.95 -1784.69 -1815.63 -1834.1 -1854.17 -1887.62 -1920.87 -1954.46 -1982.46 -2003.57 -2019.91 -2035.12 -2049.48 -2066.31 -2070.99 -2078.44 -2092 -2114.31 -2137.11 -2150.37 -2163.51 -2176.19 -2186.11 -2201.44 -2235.18 -2282.24 -2333.91 -2383.06 -2434.14 -2476.46 -2544.35 -2609.79 -2654.42 -2686.76 -2711.33 -2720.83 -2721.53 -2723.84 -2725.91 -2727.67 -2726.47 -2723.88 -2724.02 -2726.68 -2733.23 -2740.91
-472.308 -588.391 -690.384 -785.573 -880.764 -978.309 -1069.1 -1157.08 -1235.89 -1296.8 -1346.77 -1386.44 -1432.41 -1481.36 -1525.39 -1571.94 -1613.93 -1653.38 -1698.26 -1733.33 -1775.49 -1796.67 -1823.55 -1845.12 -1874.39 -1908.24 -1942.09 -1975.94 -2008.53 -2023.12 -2035.22 -2048.55 -2067.31 -2091.46 -2096.48 -2101.04 -2116.46 -2140.5 -2151.9 -2161.56 -2174.78 -2185.04 -2205.98 -2245.53 -2293.82 -2357.66 -2422.66 -2469.39 -2482.19 -2544.39 -2608.88 -2649.89 -2687.99 -2713.91 -2719.5 -2718.55 -2718.75 -2722.53 -2727.48 -2725.38 -2724.84 -2726.14 -2729.6 -2735.22 -2740.87
-418.427 -524.863 -621.02 -718.527 -819.951 -919.487 -1010.02 -1092.22 -1164.91 -1226.52 -1291.23 -1352.18 -1404.32 -1455.59 -1503.25 -1552.42 -1601.43 -1637.06 -1684.03 -1716.47 -1747.97 -1779.7 -1799.38 -1837.9 -1861.28 -1894.7 -1928.55 -1964.15 -2003.34 -2017.5 -2032.1 -2049.05 -2069.34 -2092.83 -2099.49 -2100.5 -2111.63 -2133.87 -2142.89 -2153.1 -2176.43 -2187.94 -2215.12 -2261.22 -2319.01 -2375.81 -2429.65 -2493.68 -2526.63 -2565.32 -2608.18 -2645.56 -2682.18 -2707.14 -2704.91 -2705.99 -2711.52 -2716.94 -2726.01 -2725.77 -2726.7 -2729.09 -2731.39 -2737.78 -2743.25
-339.896 -443.873 -545.75 -641.191 -744.815 -850.186 -946.621 -1032.5 -1109.72 -1181.29 -1252.35 -1317.54 -1372.64 -1426.98 -1477.05 -1526.21 -1566.18 -1607.53 -1655.14 -1687.85 -1714.38 -1752.27 -1777.6 -1816.73 -1851.55 -1881.17 -1915.13 -1958.2 -1999.14 -2016.09 -2033.24 -2050.51 -2071.51 -2092.47 -2103.96 -2109.41 -2109.63 -2123.1 -2138.4 -2161.48 -2184.23 -2193.45 -2223.92 -2265.58 -2333.93 -2399.61 -2432.47 -2482.52 -2533.85 -2565.24 -2598.97 -2634.41 -2672.95 -2695.35 -2693.12 -2696.79 -2706.73 -2713.4 -2721.37 -2726.38 -2729.89 -2735.55 -2735.47 -2739.63 -2742.99
-237.465 -345.709 -453.297 -564.694 -677.241 -792.549 -898.01 -993.57 -1073.92 -1149.75 -1219.62 -1280.87 -1337.23 -1391.88 -1446.68 -1495.37 -1534.08 -1574.42 -1610.3 -1650.83 -1681.02 -1719.29 -1754.56 -1791.04 -1834.02 -1868.15 -1904.7 -1951.06 -1989.56 -2015.59 -2034.6 -2052.46 -2071.3 -2092.44 -2104.81 -2108.57 -2110.86 -2119.74 -2141.68 -2174.34 -2191.14 -2194.09 -2226.01 -2285.84 -2362.15 -2424.77 -2473.76 -2513.39 -2533.83 -2559.89 -2593.85 -2631.41 -2669.28 -2689.38 -2692.2 -2694.24 -2698.72 -2708.35 -2728.2 -2735.32 -2735.91 -2742.59 -2742.43 -2741.13 -2743.73
-164.112 -254.999 -379.302 -509.387 -632.464 -756.171 -856.191 -948.093 -1033.8 -1113.55 -1180.37 -1235.92 -1304.99 -1358.92 -1415.76 -1474.08 -1522.82 -1540.86 -1574.58 -1611.36 -1648.04 -1686.62 -1725.36 -1765.73 -1809.16 -1851.68 -1892.64 -1932.88 -1971.08 -2001.26 -2029.61 -2053.37 -2073.75 -2097.95 -2113.49 -2117.31 -2122.07 -2126.17 -2141.31 -2172.54 -2187.8 -2194.58 -2225.48 -2292.11 -2372.81 -2428.47 -2486.86 -2526.84 -2542.73 -2565.77 -2597.04 -2634.54 -2669.96 -2684.91 -2689.63 -2690.49 -2695.28 -2714.85 -2737.35 -2744.09 -2744.34 -2744.31 -2743.03 -2741.88 -2745.13
-150.78 -231.672 -355.854 -493.128 -612.788 -716.738 -811.796 -908.72 -996.459 -1068.59 -1134.98 -1202.85 -1279.44 -1346.85 -1401.85 -1470.58 -1512.32 -1528.45 -1547.49 -1580.69 -1618.58 -1656.2 -1695.97 -1741.97 -1787.59 -1831.28 -1874.22 -1915.82 -1951.18 -1980.71 -2010.82 -2042.45 -2072.73 -2097.6 -2123.33 -2131.65 -2145.81 -2137.06 -2132.73 -2157.7 -2174.81 -2196.64 -2248.28 -2312.64 -2385.14 -2437.27 -2488.56 -2528.77 -2553.66 -2578 -2606.11 -2640.32 -2671.17 -2682.74 -2685.96 -2690.14 -2697.38 -2712.95 -2731.93 -2743.69 -2745.88 -2744.35 -2743.98 -2743.07 -2742.06
-173.444 -261.734 -372.037 -469.148 -563.346 -668.575 -761.528 -855.339 -934.929 -1009.89 -1086.35 -1171.49 -1247.32 -1308.04 -1373.28 -1429.01 -1473.57 -1500.99 -1523.23 -1550.1 -1586.22 -1624.93 -1670.58 -1717.25 -1763.92 -1810.1 -1854.22 -1896.47 -1930.71 -1960.82 -1992.46 -2024.36 -2056.25 -2088.09 -2119.6 -2143.89 -2152.22 -2151.49 -2154.56 -2168.89 -2185.11 -2214.91 -2280.4 -2349.89 -2406.27 -2438.88 -2474.89 -2525.9 -2566.84 -2598.44 -2625.4 -2657.04 -2678.25 -2685.43 -2686.97 -2691.58 -2704.85 -2721.74 -2734.68 -2742.78 -2745.63 -2744.95 -2743.76 -2742.84 -2740.33
-140.993 -215.134 -300.131 -381.602 -497.507 -586.685 -689.826 -799.827 -883.236 -950.633 -1025.65 -1089.37 -1178.23 -1251.25 -1324.77 -1383.73 -1429.46 -1462.57 -1489.44 -1516.3 -1554.02 -1599.16 -1645.84 -1692.51 -1739.19 -1785.86 -1832.36 -1876.62 -1910.83 -1942.43 -1974.2 -2005.86 -2037.41 -2068.86 -2102.45 -2143.29 -2153.53 -2157.48 -2171.66 -2194.67 -2221.08 -2264.77 -2334.98 -2399.35 -2444.18 -2470.27 -2490.71 -2532.2 -2576.1 -2612.55 -2640.27 -2666.45 -2682.64 -2689.24 -2687.45 -2692.66 -2713.37 -2728.06 -2735.83 -2740.38 -2742.45 -2740.25 -2742.25 -2741.65 -2739.92
-118.641 -150.146 -214.484 -318.681 -410.17 -517.224 -639.884 -749.016 -836.687 -915.271 -990.245 -1045.71 -1115.58 -1193.87 -1271.21 -1338.4 -1385.27 -1418.73 -1451.6 -1483.53 -1527.77 -1574.46 -1621.15 -1667.86 -1714.57 -1761.28 -1808 -1854.1 -1889.21 -1920.23 -1951.25 -1982.34 -2015.66 -2053.58 -2094.77 -2136.31 -2172.2 -2170.69 -2189.34 -2210.58 -2245.3 -2299.37 -2373.03 -2434.21 -2473.25 -2502.37 -2527.46 -2554.83 -2586.34 -2620.25 -2647.05 -2669.04 -2682.35 -2686.49 -2685.46 -2695.03 -2716.49 -2728.97 -2735.1 -2738.17 -2739.69 -2738.49 -2740.25 -2740.05 -2738.88
-106.704 -115.794 -140.348 -228.436 -341.627 -461.145 -581.206 -681.734 -775.03 -849.43 -922.791 -998.332 -1057.55 -1135.95 -1214.58 -1291.01 -1341 -1374.66 -1413.38 -1465.22 -1508.84 -1553.02 -1598.04 -1643.91 -1690.5 -1737.24 -1783.98 -1829.74 -1864.04 -1895.31 -1929.6 -1968.52 -2009.94 -2051.47 -2093.01 -2134.55 -2176.07 -2202.19 -2220.1 -2252.85 -2272.96 -2313.75 -2388.71 -2449.59 -2485.69 -2513 -2539.54 -2565.74 -2595.25 -2622.38 -2643.9 -2663.05 -2678.25 -2684.4 -2683.67 -2689.87 -2703.52 -2721.41 -2732.06 -2734.03 -2736.05 -2738.32 -2739.49 -2739.18 -2736.94
-101.686 -108.451 -111.959 -166.629 -286.302 -395.32 -498.508 -609.131 -707.309 -778.805 -854.942 -932.472 -1005.83 -1077.52 -1157.74 -1238.7 -1296.7 -1338.48 -1402.26 -1458.16 -1501.16 -1544.14 -1587.12 -1630.11 -1673.21 -1717 -1761.61 -1805.98 -1843.63 -1883.52 -1925.08 -1966.64 -2008.17 -2049.71 -2091.25 -2132.78 -2174.32 -2214.8 -2245.78 -2276.51 -2309.72 -2353.99 -2406.82 -2452.07 -2486.11 -2513.03 -2538.37 -2566.32 -2593.01 -2616.59 -2636.96 -2655.94 -2671.87 -2682.36 -2684.29 -2686.98 -2693.77 -2708.12 -2722.46 -2726.78 -2730.49 -2734.15 -2734.6 -2734.2 -2729.59
-94.5683 -102.475 -111.676 -129.433 -221.84 -330.932 -435.21 -551.308 -655.921 -728.612 -800.245 -871.912 -945.161 -1021.78 -1102.99 -1184.8 -1259.43 -1325.53 -1393.63 -1450.51 -1492.58 -1534.99 -1577.64 -1620.26 -1662.85 -1705.42 -1748 -1790.51 -1832.67 -1874.78 -1916.89 -1959 -2001.1 -2043.17 -2085.21 -2127.25 -2169.36 -2215.94 -2269.35 -2306.13 -2338.8 -2374.78 -2412.15 -2448.71 -2480.16 -2508.17 -2533.19 -2557.97 -2583.85 -2609.25 -2630.22 -2648.5 -2667.06 -2679.33 -2680.77 -2682.23 -2683.89 -2691.64 -2709.26 -2720.44 -2724.13 -2727.79 -2727.83 -2726.4 -2724.29
