res/shore/ca512.asc
ncols         512
nrows         512
xllcorner     -124.00013888889
yllcorner     36.99986111111
cellsize      0.00027777778
NODATA_value  -9999
[rows 290 to 318 of 512, columns 132 to 197 of 512]
-2682.98 -2747.67 -2743.69 -2699.44 -2632.25 -2637.54 -2635.38 -2633.75 -2612.43 -2578.14 -2486.78 -2315.4 -2212.71 -2164.46 -2149.7 -2114.78 -2065.02 -2032.64 -2072.76 -2078.88 -2085.96 -2094.21 -2097.19 -2027.44 -1963.46 -1965.06 -1963.23 -1938.29 -1930.01 -1913.37 -1847.67 -1812.41 -1800.32 -1767.65 -1746.06 -1729.06 -1729.19 -1698.85 -1679.91 -1681.93 -1703.25 -1639.74 -1664.91 -1681.3 -1670.38 -1646.89 -1626.22 -1618.77 -1561.85 -1516.3 -1472.14 -1429.25 -1469.53 -1428.92 -1398.14 -1442.46 -1378.52 -1296.08 -1224.38 -1165.79 -1186.62 -1204.76 -1286.37 -1326.6 -1340.09 -1240.01
-2801.62 -2798.82 -2800.3 -2718.02 -2709.54 -2681.14 -2660.09 -2611.97 -2546.68 -2431.09 -2325.76 -2197.64 -2166.82 -2151.15 -2125.49 -2071.44 -2078.8 -2111.19 -2128.96 -2116.41 -2107.39 -2078.68 -2083.05 -2050.17 -2011.44 -1995.76 -1995.85 -1986.35 -1945.49 -1934.26 -1894.67 -1899.76 -1892.72 -1815.41 -1785.29 -1763.78 -1733.82 -1720.8 -1711.07 -1762.78 -1702.71 -1782.31 -1828.07 -1709.2 -1666.52 -1637.02 -1589.78 -1563.35 -1550.08 -1508.13 -1487.3 -1416.51 -1355.46 -1377.72 -1406.43 -1478.39 -1428.14 -1355.49 -1272.98 -1323.96 -1344.19 -1404.1 -1399.39 -1341.9 -1299.35 -1187.58
-2851.59 -2849.37 -2824.59 -2782.49 -2678.13 -2648.33 -2569.25 -2422.52 -2348.45 -2315.98 -2263.25 -2228.06 -2210.26 -2194.74 -2151.44 -2095.15 -2112.9 -2127.21 -2149.24 -2132.88 -2113.88 -2067.9 -2078.9 -2098.84 -2022.36 -2025.38 -2022.63 -2031.16 -1928.48 -1910.53 -1954.26 -1960.24 -1937.42 -1850.12 -1820.34 -1766.85 -1770.43 -1745.03 -1773.42 -1745.81 -1802.56 -1772.13 -1790.42 -1737.72 -1673.12 -1642.4 -1610.08 -1593.29 -1556.08 -1517.05 -1454.58 -1482.66 -1495.48 -1442.14 -1395.29 -1491.42 -1565.17 -1417.35 -1397.35 -1471.91 -1441.06 -1449.23 -1333.82 -1278.56 -1167.62 -1112.77
-2880.76 -2874.59 -2828.46 -2650.54 -2585.08 -2550.77 -2474.42 -2426.7 -2367.44 -2333.91 -2295.29 -2247.65 -2201.07 -2174.62 -2134.95 -2129.77 -2162.48 -2147.35 -2163.84 -2129.37 -2105.22 -2107.2 -2115.02 -2100.68 -2046.87 -2052.37 -2022.32 -2003.95 -1957.03 -1946.52 -1959.1 -1944.79 -1939.35 -1929 -1865.85 -1818.01 -1785.64 -1823.07 -1801.42 -1912.28 -1890.67 -1785.38 -1754.19 -1731.22 -1676.65 -1648.07 -1607.63 -1553.96 -1500.42 -1492.58 -1556.93 -1600.55 -1549.83 -1484.79 -1463.24 -1608.48 -1633.18 -1537.06 -1598.14 -1552.14 -1519.35 -1464.64 -1374.43 -1313.54 -1276.37 -1255.66
-2880.06 -2835.18 -2768.94 -2698 -2673.72 -2652.04 -2555.08 -2459.54 -2385.7 -2351.76 -2287.67 -2245.27 -2212.05 -2162.29 -2156.58 -2179.47 -2190.15 -2173.93 -2147.31 -2150.84 -2113.58 -2127.34 -2134.45 -2140.89 -2094.88 -2067.22 -2046.83 -2031.9 -2025.91 -2009.33 -1985.5 -1958.23 -1943.12 -1921.29 -1876.62 -1861.73 -1845.28 -1898.55 -1856.16 -1849.44 -1859.16 -1798.39 -1747.24 -1697.82 -1658.5 -1608.18 -1600.07 -1623.27 -1637.83 -1595.18 -1649.47 -1655.18 -1662.21 -1664.11 -1674.29 -1718.39 -1675.81 -1601.34 -1606.36 -1503.38 -1418.76 -1398.22 -1413.16 -1275.55 -1213.02 -1166.75
-2940.72 -2877.12 -2801.42 -2714.32 -2659.8 -2624.62 -2560.27 -2387.93 -2364.73 -2337.76 -2321 -2289.7 -2262.47 -2220.09 -2229.23 -2230.1 -2193.6 -2173.87 -2136.05 -2152.23 -2161.23 -2166.24 -2150.09 -2135.78 -2086.1 -2081.65 -2095.67 -2069.47 -2062.74 -2034.74 -1998.18 -1980.67 -1933.52 -1888.42 -1897.12 -1906.32 -1882.28 -1952.7 -1912.93 -1872.23 -1829.18 -1784.99 -1732.09 -1712.78 -1711.76 -1645.91 -1692.39 -1729.41 -1708.27 -1719.31 -1746.44 -1774.62 -1769.39 -1774.39 -1751.16 -1728.14 -1635.36 -1614.71 -1504.92 -1335.27 -1213.43 -1167.94 -1185.26 -1194.81 -1178.78 -1173.1
-2911.34 -2875.66 -2754.53 -2714.71 -2620.77 -2499.68 -2450.26 -2446.39 -2406.28 -2381.66 -2351.61 -2307.67 -2283.58 -2297.87 -2276.64 -2228.1 -2184.67 -2176.57 -2183.02 -2180.83 -2196.52 -2184.38 -2161.06 -2131.77 -2114.08 -2122.83 -2139.05 -2116.01 -2084.76 -2045.89 -1999.06 -2019.64 -1990.47 -1891.41 -1914.6 -1953.23 -1949.74 -1988.47 -1946.26 -1894.49 -1822.11 -1809.2 -1788.98 -1775.19 -1729.99 -1715.87 -1816.24 -1821.42 -1829.49 -1837.15 -1824.83 -1811.74 -1790.54 -1719.2 -1644.65 -1527.48 -1490.8 -1418.19 -1387.16 -1230.24 -1175.26 -1227.64 -1269.58 -1261.68 -1270.3 -1206.73
-2898.57 -2885.89 -2773.15 -2710.79 -2681.36 -2524.52 -2506.24 -2458.71 -2407.38 -2378.77 -2351.77 -2317.02 -2325.57 -2327.44 -2278.63 -2231.28 -2205.86 -2208.68 -2205.45 -2217.93 -2219.88 -2187.63 -2153.84 -2153.12 -2151.5 -2160.81 -2153.83 -2143.64 -2104.05 -2044.53 -2067.49 -2067.1 -2049.76 -1956.64 -1959.27 -1976.87 -1964.59 -1927.31 -1910.96 -1882.46 -1855.93 -1827.47 -1811.22 -1800.13 -1853.47 -1856.31 -1901.2 -1932.17 -1893.64 -1867.36 -1829.34 -1773.52 -1697.51 -1675.59 -1568.32 -1452.29 -1368.18 -1352.42 -1335.64 -1280.01 -1249.28 -1248.75 -1328.53 -1379.98 -1316.1 -1245.68
-2816.98 -2766.46 -2739.51 -2704 -2640.48 -2589.5 -2528.01 -2473.89 -2420.11 -2399.51 -2390.67 -2386.52 -2351.31 -2333.01 -2314.29 -2251.51 -2235.86 -2235.97 -2241.18 -2228.92 -2212.11 -2207.29 -2203.38 -2188.96 -2194.24 -2193.23 -2182.34 -2131.62 -2109.93 -2093.93 -2109.48 -2104.15 -2071.07 -2020.43 -2044.89 -2043.83 -1977.48 -1964.86 -1955.74 -1936.93 -1905.93 -1927.99 -1927.52 -2002.98 -1933.29 -1935.94 -1928.1 -1929.1 -1892.14 -1820 -1739.4 -1672.71 -1658.22 -1579.2 -1528.54 -1492.87 -1486.97 -1429.78 -1362.91 -1313.3 -1336.57 -1360.9 -1450.43 -1418.09 -1346.62 -1356.66
-2671.05 -2639.79 -2613.97 -2563.46 -2558.33 -2546.21 -2517.67 -2492.85 -2463.07 -2424.06 -2399.83 -2382.82 -2352.72 -2332.66 -2337.14 -2288.45 -2278.75 -2276.99 -2269.24 -2248.04 -2204.01 -2232.74 -2249.47 -2235.36 -2232.03 -2228.27 -2195.33 -2148.8 -2150.96 -2132.78 -2144.21 -2121.65 -2053.36 -2063.85 -2077.86 -2069.71 -1984.6 -1995.15 -1983.53 -1947.87 -1911.72 -1964.42 -2029.25 -2078.45 -2067.51 -1984.26 -1916.53 -1886.96 -1834.62 -1817.71 -1775.45 -1728.19 -1708.39 -1625.66 -1578.65 -1521.32 -1451.66 -1395 -1367.98 -1347.41 -1482.16 -1508.07 -1547.88 -1447.85 -1459.98 -1404.59
-2640.08 -2618.69 -2571.74 -2542.15 -2470.64 -2493.55 -2500.37 -2482.61 -2454.99 -2438.89 -2411.91 -2383.31 -2364.35 -2327.56 -2318.01 -2317.9 -2314.18 -2308.11 -2273.05 -2240.2 -2230.78 -2233.15 -2283.11 -2252.78 -2245.29 -2239.85 -2205.3 -2188.24 -2182.92 -2191.83 -2181.74 -2180.78 -2172.42 -2120.19 -2075.73 -2030.94 -2027.09 -2042.7 -2006.23 -2008.02 -1977.66 -1981.01 -2016.33 -2070.24 -2045.03 -1923.46 -1876.87 -1818.09 -1787.43 -1766.11 -1701.04 -1719.76 -1694.8 -1671.95 -1644.52 -1578.66 -1500.93 -1503.98 -1461.85 -1489.38 -1585.04 -1571.91 -1569.69 -1549.02 -1520.91 -1491.11
-2663.34 -2638.09 -2604.15 -2564.22 -2504.22 -2481.88 -2516.81 -2518.06 -2491.54 -2475.77 -2436.99 -2415.57 -2403.3 -2374.08 -2352.3 -2352.6 -2335.87 -2295.09 -2273.54 -2268.8 -2271.12 -2275.97 -2283.12 -2281.9 -2253.16 -2253.75 -2246.03 -2226.52 -2245.26 -2233.1 -2234.1 -2331 -2370.25 -2301.32 -2125.56 -2042.42 -2065.15 -2090.84 -2065.42 -2111.23 -2077.12 -2038.92 -2007.91 -2008.12 -1985.66 -1895.04 -1900.08 -1824.63 -1865.66 -1810.61 -1766.96 -1789.93 -1771.04 -1779.76 -1681.46 -1626.03 -1558.28 -1658.71 -1630.06 -1643.03 -1702.36 -1647.88 -1587.95 -1570.14 -1521.97 -1460.36
-2680.68 -2633.84 -2590.59 -2567.97 -2559.99 -2533.11 -2534.48 -2515.91 -2513.41 -2473.4 -2444.28 -2423.99 -2406.51 -2384.55 -2360.59 -2342.49 -2315.63 -2274.43 -2289.42 -2296.7 -2294.62 -2302.02 -2286.79 -2299.15 -2281.81 -2280.3 -2263.32 -2255.06 -2230.59 -2246.43 -2257.28 -2313.34 -2341.41 -2209.78 -2164.14 -2122.47 -2096.9 -2094.99 -2113.1 -2121.44 -2103.57 -2086.76 -2001.88 -1960.98 -1988.19 -1979.23 -1876.56 -1898.98 -1911.2 -1845.04 -1866.87 -1867.84 -1914.13 -1830.42 -1736.4 -1756.38 -1735.25 -1766.89 -1797.48 -1771.98 -1752.94 -1682.14 -1616.48 -1501.5 -1455.67 -1383.41
-2695.36 -2642.42 -2655.49 -2702.44 -2757.37 -2656.91 -2562.73 -2534.9 -2523.72 -2505.69 -2471.35 -2434.25 -2394.48 -2382.47 -2337.11 -2313.21 -2307.82 -2325.67 -2330.15 -2317.56 -2319.14 -2323.87 -2315.68 -2309.35 -2314.3 -2293.63 -2286.41 -2278.6 -2262.29 -2298.18 -2290.82 -2293.21 -2314.54 -2248.68 -2189.1 -2174.28 -2146.87 -2123.6 -2117.15 -2100.01 -2099.96 -2024.82 -1997.34 -2007 -2044.07 -1960.56 -1950.48 -2017.72 -1977.76 -1941.85 -1935.71 -1957.25 -1929.11 -1886.31 -1893.15 -1909.21 -1923.95 -1853.8 -1814.33 -1756.67 -1702.83 -1645.34 -1622.13 -1537.85 -1473.8 -1404.42
-2752 -2794.49 -2814.86 -2807.22 -2789.51 -2765.33 -2623.35 -2524.08 -2511.72 -2487.25 -2455.74 -2412.75 -2379.76 -2393.13 -2366.94 -2352.35 -2343.08 -2349.89 -2355.32 -2340.81 -2333.28 -2343.16 -2350.94 -2349.34 -2332.38 -2343.57 -2325.4 -2315.5 -2318.24 -2352.74 -2319.49 -2330.06 -2243.06 -2230.59 -2235.04 -2228.42 -2180.47 -2174.27 -2133.74 -2084.21 -2082.24 -2097.91 -2084.65 -2091.59 -2070.11 -2056.04 -2059.62 -2095.34 -2030.21 -2018.27 -2007.85 -2004.43 -1986.07 -1977.06 -1951.99 -1916.11 -1871.14 -1826.3 -1769.95 -1781.89 -1724.56 -1686.84 -1646.26 -1486.72 -1404.14 -1397.54
-2893.81 -2844.2 -2811.48 -2843.27 -2793.91 -2606.17 -2574.4 -2538.35 -2519.64 -2509.89 -2466.58 -2424.09 -2435.32 -2439.96 -2402.19 -2404.97 -2381.99 -2368.43 -2360.06 -2360.87 -2359.55 -2354.77 -2383.21 -2397.18 -2379.44 -2378.51 -2381.64 -2416.72 -2411.99 -2382.8 -2372.75 -2331.68 -2290.73 -2269.31 -2240.01 -2244.69 -2275.54 -2222.56 -2128.68 -2137.75 -2135.01 -2147.98 -2197.72 -2175.07 -2164.31 -2146.48 -2139.92 -2126.19 -2149.85 -2112 -2050.47 -2038.39 -1992.41 -1954.94 -1875.84 -1827.19 -1774.37 -1715.44 -1719.86 -1641.38 -1623.75 -1577.5 -1506.74 -1424.72 -1367.99 -1323.69
-2885.01 -2826.99 -2779.47 -2803.5 -2755.13 -2626.71 -2597.39 -2621 -2565.95 -2520.29 -2510.07 -2472.9 -2484.16 -2476.04 -2431.96 -2451.4 -2417.99 -2400.07 -2383.94 -2388.84 -2373.26 -2360.81 -2380.76 -2414.98 -2412.68 -2385.48 -2401.4 -2431.5 -2445.96 -2456.91 -2469.99 -2426.26 -2354.67 -2269.67 -2251.9 -2236.98 -2161.52 -2121.9 -2091.48 -2166.28 -2179.69 -2205.8 -2237.34 -2259.28 -2244.39 -2164.96 -2139.92 -2144.68 -2073.34 -2043.29 -1998.29 -2029.48 -1961.56 -1804.87 -1759.92 -1698.39 -1644.93 -1622.56 -1623.32 -1613.82 -1572.09 -1572.67 -1523.21 -1460.3 -1386.72 -1329.58
-2871.47 -2839.57 -2777.63 -2731.85 -2660.47 -2635.83 -2622.67 -2635.04 -2612.85 -2569.11 -2560 -2530.62 -2524.18 -2496.08 -2482.13 -2491.66 -2464.51 -2427.01 -2409.52 -2404.2 -2396.81 -2372.77 -2416.27 -2440.2 -2441.12 -2430.59 -2432.93 -2427.92 -2420.87 -2416.14 -2466.25 -2432.8 -2417.23 -2311.99 -2243.61 -2198.34 -2142.69 -2101.21 -2153.6 -2209.26 -2244.02 -2250.98 -2265.54 -2261.06 -2231.76 -2135.86 -2098.58 -2072.05 -1966.13 -1886.02 -1883.19 -1819.36 -1894.78 -1822.2 -1802.8 -1751.6 -1723.86 -1730.71 -1720.14 -1683.51 -1628.03 -1584.86 -1545.41 -1479.92 -1419.64 -1359.12
-2853.4 -2849.37 -2799.02 -2803.96 -2792.66 -2677.85 -2633.11 -2653.42 -2697.62 -2698.38 -2605.06 -2623.6 -2589.58 -2561.85 -2565.75 -2519.53 -2483.8 -2450.81 -2447.53 -2427.63 -2413.55 -2392 -2432.96 -2472.36 -2485.67 -2491.96 -2484.31 -2465.12 -2417.69 -2400.2 -2424.03 -2467.2 -2464.39 -2267.21 -2221.38 -2177.82 -2130.36 -2143.11 -2207.32 -2261.82 -2377.34 -2387.36 -2297.33 -2263.76 -2217.26 -2155.08 -2103.58 -2028.83 -2010.07 -2008.5 -1955.56 -1910.91 -1963.29 -1954.02 -1909.57 -1898.92 -1864.24 -1855.44 -1754.59 -1688.88 -1615.18 -1534.38 -1499.62 -1449.23 -1405.51 -1404.88
-2877.92 -2868.57 -2862.27 -2869.91 -2836 -2702.48 -2673.54 -2675.83 -2717.94 -2746.11 -2695.07 -2654.07 -2647.21 -2623.24 -2555.77 -2508.69 -2503.51 -2488.39 -2474.82 -2442.43 -2432.52 -2432.68 -2463.86 -2495.55 -2514.54 -2514.82 -2514.8 -2486.88 -2461.43 -2431.87 -2415.89 -2420.86 -2317.22 -2266.94 -2258.74 -2226.42 -2262.21 -2252.34 -2331.28 -2318.36 -2338.82 -2405.92 -2324.03 -2272.28 -2204.55 -2170.23 -2152.63 -2126.08 -2138.35 -2147.76 -2122.35 -2135.19 -2059.73 -2073.51 -1944 -1878.75 -1828.7 -1761.5 -1678.49 -1620.15 -1596.8 -1572.81 -1501.28 -1498.8 -1491.06 -1430.7
-2890.64 -2893.43 -2880.93 -2816.56 -2756.48 -2709.45 -2720.5 -2741.91 -2779.51 -2758.4 -2712.93 -2671 -2646.7 -2604.44 -2547.22 -2561.99 -2541.26 -2520.56 -2486.36 -2466.44 -2471.5 -2485.77 -2506.18 -2536.72 -2542.59 -2539.86 -2537.27 -2529.54 -2503.61 -2452.25 -2387.57 -2348.45 -2325.3 -2315.12 -2309.67 -2291.36 -2245.07 -2288.58 -2411.06 -2446.51 -2488.16 -2424.27 -2346.39 -2278.47 -2254.7 -2271.54 -2272.23 -2249.46 -2201.75 -2175.08 -2095.33 -1970.18 -1924.41 -1858.67 -1862.39 -1780.7 -1751.56 -1749.9 -1690.53 -1621.18 -1583.6 -1559.55 -1561.33 -1544.47 -1544.8 -1462.17
-2906.66 -2896.25 -2842.93 -2791.02 -2742.44 -2740.88 -2763.1 -2787.51 -2795.74 -2770.52 -2724.95 -2680.14 -2626.62 -2627.09 -2605.55 -2576.19 -2540.66 -2526.75 -2523.54 -2500.88 -2513.43 -2573.58 -2592.8 -2603.16 -2592.95 -2580.4 -2563.15 -2530.7 -2504.11 -2465.51 -2404.06 -2383.17 -2380.02 -2372.86 -2351.68 -2341.02 -2296.98 -2366.17 -2416.64 -2461.25 -2463.97 -2449.97 -2392.31 -2405.21 -2412.61 -2337.87 -2266.74 -2238.47 -2176.48 -2064.62 -1990.43 -1907.73 -1840.38 -1864.45 -1875.55 -1827.39 -1816.03 -1743.69 -1734.67 -1694.17 -1712.97 -1640.97 -1642.54 -1652.68 -1582.93 -1644.28
-2907.49 -2907.69 -2860.58 -2821.94 -2805.95 -2801.31 -2818.04 -2807.71 -2796.83 -2755.28 -2709.1 -2689.16 -2674.23 -2654.35 -2623.62 -2594.56 -2577.96 -2585.94 -2579.86 -2553.44 -2667.34 -2760.76 -2749.04 -2702.61 -2682.5 -2651.66 -2611.5 -2551.21 -2507.69 -2466.03 -2453.57 -2478.37 -2437.1 -2408.97 -2384.93 -2368.96 -2332.06 -2447.22 -2475.97 -2537.45 -2537.27 -2547.16 -2464.39 -2377.94 -2325.95 -2294.81 -2248.66 -2200.94 -2166.44 -2127.4 -2085.01 -1954.53 -1947.71 -1962.6 -1974.94 -1939.92 -1838.42 -1789.37 -1820.17 -1796.08 -1756.06 -1688.69 -1732.07 -1677.37 -1650.64 -1698.72
-2928.45 -2939.03 -2911.08 -2869.96 -2859.08 -2852.83 -2828.77 -2798.95 -2760.48 -2734.84 -2720.53 -2703.19 -2701.77 -2675.55 -2627.05 -2629.6 -2625.74 -2628.08 -2605.79 -2598.24 -2750.47 -2794.27 -2791.37 -2742.89 -2715.46 -2682.25 -2651.85 -2589 -2539.67 -2525.52 -2536.88 -2509.15 -2475.4 -2436.52 -2423.47 -2373.2 -2423.56 -2525.61 -2560.48 -2551.72 -2541.65 -2486.79 -2429.2 -2383.4 -2337.8 -2285.09 -2262.82 -2238.5 -2212.88 -2183.26 -2127.82 -2064.37 -2066.91 -2010.8 -1974.83 -1922.3 -1849.79 -1881.72 -1892.33 -1829.84 -1778.08 -1786.75 -1824.8 -1771.05 -1792.12 -1830.51
-2961.85 -2990.81 -2985.35 -2958.56 -2915.84 -2912.2 -2867.17 -2814.72 -2776.05 -2756.69 -2730.25 -2735.06 -2723.96 -2784.97 -2813.38 -2685.06 -2671.87 -2646.48 -2595.06 -2659.78 -2750.07 -2768.67 -2780.92 -2736.46 -2727.7 -2669.44 -2640.63 -2613.39 -2624.28 -2619.8 -2594.89 -2558.2 -2521.66 -2496.85 -2410.4 -2412.5 -2468.04 -2568.72 -2614.98 -2613.62 -2587.89 -2546.89 -2469.23 -2437.28 -2378.24 -2334.37 -2327.99 -2289.1 -2240.27 -2255.48 -2238.54 -2206.22 -2108.03 -2019.17 -1957.9 -1974.06 -1944.23 -1996.46 -1953.72 -1874.74 -1869.65 -1934.31 -1841.88 -1871.41 -1888.25 -1886.27
-3000.88 -3040.41 -3049.64 -3024.94 -2950.75 -2930.11 -2905.66 -2877.28 -2817.03 -2786.92 -2750.48 -2853.34 -2881.23 -2926.35 -2916.49 -2894.43 -2776.59 -2632.28 -2722.85 -2774.72 -2816.71 -2855.02 -2805.81 -2774.9 -2767.95 -2747.59 -2711.8 -2691 -2694.79 -2711.17 -2673.25 -2631.14 -2606.39 -2543.17 -2522.51 -2554.95 -2559.25 -2597.11 -2608.64 -2608.7 -2607.94 -2572.73 -2500.51 -2470.35 -2402.29 -2372.19 -2341 -2295.25 -2296.4 -2327.55 -2322.38 -2223.84 -2142.66 -2096.56 -2059.4 -2052.22 -2053.86 -2036.93 -1939.99 -1935.68 -1994.75 -1945.36 -1933.54 -1976.53 -1960.8 -1884.38
-3022.47 -3019.65 -3047.46 -3005.9 -2957.16 -2942.78 -2955.06 -2901.17 -2830.89 -2796.57 -2837.15 -2867.8 -2902.85 -2954.19 -2959.22 -2924.28 -2832.27 -2736.49 -2829.54 -2864.04 -2860.71 -2852.99 -2861.01 -2810.22 -2787.4 -2772.7 -2748.7 -2733.25 -2727.19 -2730.1 -2722.97 -2697.73 -2667.07 -2633.41 -2605.99 -2621.3 -2650.6 -2647.64 -2648.59 -2639.54 -2616.8 -2611.3 -2557.99 -2474.81 -2466.32 -2399.57 -2372.75 -2358.15 -2376.5 -2364.22 -2302.78 -2272.81 -2228.98 -2176.49 -2148.3 -2129.81 -2132.69 -2058.99 -1988.43 -2028.45 -2005.56 -2013.85 -2033.6 -1998.14 -2010.12 -2016.53
-3074.9 -3068.8 -3070.24 -3056.31 -2993.89 -2940.02 -2917.39 -2877.01 -2847.6 -2839.38 -2870.31 -2934.56 -2980 -3014.38 -2999.77 -2919.12 -2836.95 -2767.76 -2877.04 -2893.49 -2861.68 -2845.75 -2833.02 -2829.11 -2808.37 -2789.22 -2773.32 -2766.74 -2757.41 -2745.3 -2743.83 -2727 -2707.51 -2703.97 -2673.32 -2653.18 -2686.31 -2694.35 -2681.41 -2675.45 -2652.7 -2618.94 -2578.29 -2581.47 -2518.67 -2441.47 -2407.26 -2439.05 -2407.79 -2377.78 -2321.01 -2278.38 -2256.36 -2242.96 -2221 -2223.55 -2120.43 -2101.3 -2019.18 -2085.53 -2027.71 -2213.29 -2094.44 -2128.34 -2196.78 -2209.72
-3084.26 -3085.2 -3076.59 -3085.93 -3081.51 -3017.84 -2970.29 -2942.49 -2885.96 -2875.64 -2914.89 -2968.77 -3015.09 -3038.08 -3023.1 -2965.56 -2895.71 -2879.69 -2868.06 -2893.22 -2880.53 -2870.52 -2859.43 -2835.87 -2821.11 -2811.64 -2798.34 -2789.72 -2779.56 -2770.43 -2760.82 -2753.55 -2733.79 -2722.24 -2721.69 -2703.74 -2699.64 -2725.77 -2712.33 -2702.35 -2687.04 -2655.38 -2584.02 -2555.43 -2491.94 -2461.11 -2492.59 -2487.14 -2416.58 -2388.86 -2357.83 -2320.32 -2312.33 -2302.9 -2283.02 -2213.64 -2175 -2150.61 -2104.44 -2217.66 -2297.75 -2303.1 -2292.98 -2286.78 -2244.38 -2214.41
