res/shore/ca512.asc
ncols         512
nrows         512
xllcorner     -124.00013888889
yllcorner     36.99986111111
cellsize      0.00027777778
NODATA_value  -9999
[rows 29 to 57 of 512, columns 0 to 65 of 512]
-2199.61 -2167.79 -2169.51 -2147.58 -2101.4 -2065.58 -2066.35 -2042.51 -2024.44 -1999.02 -1969.07 -1941.38 -1903.14 -1862.78 -1843.94 -1834.96 -1810.12 -1779.44 -1759.96 -1725.2 -1705.92 -1691.25 -1676.83 -1659.67 -1638.07 -1616.97 -1605.28 -1600.1 -1585.05 -1565.43 -1548.06 -1542.87 -1514.43 -1483.84 -1454.92 -1420.85 -1384.83 -1357.14 -1335.58 -1310.91 -1285.59 -1276.45 -1273.78 -1247.49 -1218.33 -1198.93 -1176.11 -1157.95 -1099.46 -1048.77 -1004.39 -968.994 -935.66 -894.16 -849.9 -822.686 -764.786 -714.205 -670.46 -638.408 -610.65 -576.994 -458.377 -430.239 -413.092 -376.838
-2212.97 -2191.68 -2175.62 -2153.06 -2096.02 -2073.21 -2065.42 -2052.72 -2029.79 -2004.58 -1974.16 -1947.88 -1920.19 -1880.98 -1852.02 -1835.03 -1819.37 -1793.01 -1779.43 -1743.38 -1725.21 -1702.53 -1685.35 -1674.69 -1652.79 -1638.21 -1625.58 -1621.18 -1603.31 -1585.8 -1564.98 -1550.77 -1519.19 -1494.17 -1463.64 -1435.53 -1407.91 -1378.54 -1361.6 -1370.65 -1374.02 -1369.6 -1317.82 -1268.48 -1233.01 -1207.73 -1187.6 -1114.09 -1070.8 -1050.18 -1015.16 -983.385 -939.51 -906.088 -893.59 -854.388 -827.612 -771.665 -724.964 -686.55 -645.58 -619.564 -564.252 -472.456 -447.493 -405.657
-2227.06 -2201.95 -2179.5 -2162.55 -2118.43 -2101.88 -2068.34 -2084.92 -2075.19 -2066.04 -2046.4 -1996.2 -1930.01 -1891.06 -1873.76 -1850.14 -1833.01 -1816.9 -1803.61 -1770.85 -1739.12 -1717.06 -1699.09 -1690.16 -1678.76 -1666.11 -1654.11 -1640.77 -1622.32 -1593.75 -1574.86 -1550.45 -1531.01 -1504.91 -1477.35 -1455.19 -1433.34 -1437.07 -1431.72 -1408.73 -1399.03 -1350.76 -1293.76 -1248.49 -1232.56 -1189.23 -1130.27 -1097.17 -1067.83 -1035.85 -1004.71 -978.025 -944.596 -927.064 -902.447 -880.318 -855.64 -817.529 -756.222 -720.45 -681.54 -645.604 -577.369 -557.016 -512.96 -460.487
-2227.82 -2220.75 -2207.88 -2193.1 -2158.62 -2110.16 -2113.37 -2098.45 -2098.59 -2080.53 -2043.02 -1982.89 -1945.2 -1906.31 -1887.69 -1872.76 -1853.77 -1827.55 -1806.82 -1785.32 -1748.03 -1730.17 -1723.67 -1717.27 -1704.82 -1688.03 -1664.54 -1643.36 -1628.83 -1603.88 -1580.78 -1562.07 -1543.35 -1520.9 -1494.84 -1482.69 -1479.26 -1473.9 -1446.07 -1396.95 -1359.39 -1324.45 -1289.22 -1250.56 -1218.82 -1173.35 -1137.18 -1107.23 -1072.59 -1037.72 -1011.85 -995.768 -976.84 -965.064 -922.775 -891.463 -855.04 -828.35 -788.25 -749.94 -713.33 -671.174 -644.674 -614.731 -555.4 -503.393
-2242.66 -2226.81 -2219.89 -2205.62 -2160.36 -2111.29 -2112.6 -2101.93 -2070.12 -2046.7 -2025.56 -2002.01 -1975.53 -1940.32 -1902.33 -1880.43 -1855.45 -1834.05 -1811.27 -1797.34 -1769.68 -1760.15 -1755.78 -1747.53 -1719.68 -1698.06 -1671.09 -1646.16 -1626.99 -1616.42 -1595.88 -1578.08 -1560.48 -1539.04 -1530.58 -1530.67 -1509.19 -1461.32 -1421.94 -1385.52 -1365.97 -1337.59 -1321.96 -1277.53 -1239.39 -1194.49 -1149.66 -1108.63 -1084.19 -1052.98 -1038.24 -1027.06 -998.354 -960.729 -962.275 -937.002 -911.88 -872.72 -830.06 -788.52 -748.576 -717.92 -670.07 -638.51 -609.609 -562.218
-2253.82 -2237.12 -2238.97 -2224.19 -2190.49 -2150.18 -2097.99 -2084.2 -2070.53 -2070.14 -2038.34 -2012.41 -1968.81 -1935.96 -1912.28 -1896.01 -1875.74 -1847.6 -1827.62 -1821.78 -1809.13 -1796.1 -1771.07 -1748.86 -1722.95 -1704.15 -1681.35 -1654.51 -1641.93 -1628.96 -1616.48 -1602.83 -1580.92 -1577.12 -1566.62 -1525.19 -1495.38 -1466.32 -1432.76 -1400.78 -1386.65 -1352.38 -1351.13 -1311.55 -1264.82 -1213.09 -1177.44 -1146.84 -1117.81 -1089.16 -1061.52 -1030.77 -1018.63 -1042.53 -1040.2 -1005.14 -974.38 -935.439 -883.76 -836.935 -784.148 -745.389 -692.46 -658.43 -631.205 -609.022
-2261.23 -2262.88 -2254.16 -2232.59 -2199.67 -2170.91 -2119.77 -2097.79 -2072.34 -2057.58 -2032.06 -2001.86 -1974.93 -1947.26 -1922.59 -1905.18 -1891.4 -1860.03 -1849.55 -1844.29 -1830.87 -1803.27 -1777.69 -1748.06 -1722.94 -1709.17 -1689.77 -1671.23 -1658.85 -1667.96 -1663.91 -1642.07 -1625.93 -1584.48 -1555.66 -1528.4 -1502.78 -1480.95 -1455.47 -1416.3 -1394.17 -1396.57 -1384.6 -1337.35 -1304 -1256.97 -1209.06 -1171.58 -1136.63 -1108.89 -1084.79 -1087.03 -1098.48 -1116.18 -1087.76 -1049.06 -1014.33 -948.503 -894.05 -844.394 -803.727 -763.729 -723.243 -676.033 -650.4 -633.38
-2264.79 -2223.3 -2224.91 -2200.79 -2178.7 -2153.92 -2116.35 -2087.49 -2077.28 -2051.33 -2032.42 -2006.76 -1985.67 -1956.46 -1935.12 -1915.15 -1913.81 -1899.07 -1871.05 -1846.85 -1832.45 -1811.79 -1786.56 -1751.16 -1731.55 -1721.19 -1707.32 -1696.55 -1682.53 -1679.71 -1703.86 -1665.11 -1625.21 -1590.08 -1564.06 -1544.54 -1521.93 -1498.8 -1473.72 -1448.43 -1417.23 -1405.44 -1397.64 -1375.76 -1342.84 -1290.31 -1237.2 -1197.66 -1175.74 -1154.99 -1154.92 -1166.42 -1165.99 -1141.93 -1077.32 -1023.91 -985.713 -946.619 -906.8 -874.627 -833.346 -794.479 -742.673 -697.16 -672.95 -648.19
-2249.88 -2223.8 -2187.85 -2189.67 -2148.04 -2138.05 -2115.17 -2072.29 -2067.17 -2052.81 -2028.7 -2042.34 -2037.21 -1975.72 -1948.81 -1935.89 -1926.65 -1913.71 -1881.97 -1860.16 -1845.25 -1836.26 -1797.68 -1770.07 -1753.32 -1736.5 -1726.4 -1714.43 -1702.54 -1697.48 -1695.26 -1675.6 -1628.78 -1599.94 -1575.76 -1562.63 -1547.09 -1522.37 -1492.59 -1469.89 -1446.67 -1442.14 -1445.27 -1424.09 -1375.29 -1323.6 -1273.73 -1259.62 -1243.15 -1235.16 -1231.18 -1209.02 -1157.56 -1105.35 -1075.17 -1036.3 -1001.77 -985.891 -945.13 -907.555 -867.885 -817.19 -775.427 -741.576 -703.803 -684.612
-2242.9 -2216.39 -2199.09 -2188.36 -2152.03 -2136.84 -2128.04 -2104.98 -2053.51 -2044.88 -2040.82 -2041.68 -2052.29 -2014.9 -1995.02 -1951.12 -1925.28 -1912.54 -1896.57 -1874.51 -1855.48 -1847.94 -1819.64 -1786.68 -1770.74 -1757.42 -1754.13 -1739.34 -1721.83 -1705.19 -1694.51 -1665.16 -1637.69 -1623.05 -1600.92 -1585.81 -1558.6 -1527.23 -1505.1 -1494.55 -1495.88 -1488.33 -1463.15 -1428.45 -1396.48 -1342.78 -1326.45 -1336.79 -1323.57 -1283.99 -1221.55 -1176.89 -1133.53 -1101.53 -1126.69 -1085.75 -1046.92 -1067.65 -1006.83 -966.415 -912.281 -858.412 -821.172 -792.378 -766.164 -723.176
-2230.96 -2219.92 -2197.57 -2182.43 -2153.09 -2132.55 -2115.13 -2103.77 -2081.77 -2059.87 -2048.43 -2049.53 -2055.71 -2016.66 -1988.55 -1961.04 -1939.61 -1948.51 -1935.02 -1894.87 -1870.11 -1869.95 -1832.41 -1805.31 -1800.39 -1790.42 -1774.59 -1758.73 -1733.58 -1722.11 -1711.64 -1673.24 -1658.98 -1649.97 -1614.4 -1594.6 -1572.1 -1541.21 -1531.8 -1542.72 -1550.73 -1519.46 -1473.41 -1443.34 -1427.61 -1410.5 -1388.96 -1375.05 -1324.94 -1245.39 -1194.28 -1157.09 -1132.61 -1146.05 -1153.77 -1127.89 -1140.69 -1128.39 -1063.73 -1010.9 -967.86 -920.399 -893.739 -854.38 -795.197 -738.58
-2215.44 -2200.84 -2178.26 -2175.86 -2150.09 -2135.73 -2128.88 -2132.01 -2129.66 -2099.67 -2096.16 -2059.14 -2029.81 -2012.34 -1992.76 -1980.64 -1961.71 -1972.96 -1998.43 -1924.36 -1897.25 -1877.47 -1849.53 -1866.9 -1873 -1835.18 -1801.65 -1774.93 -1760.53 -1763.01 -1733.6 -1690.02 -1667.8 -1647.73 -1632.79 -1601.85 -1601.52 -1590.72 -1581.78 -1589.35 -1570.42 -1530.49 -1529.29 -1559.63 -1566.53 -1514.68 -1397.96 -1327.08 -1284.58 -1243.29 -1215.35 -1191.53 -1185.73 -1214.62 -1208.16 -1190.08 -1179.71 -1142.22 -1083.3 -1037.4 -984.76 -933.788 -877.88 -833.22 -792.228 -743.963
-2198.96 -2180.65 -2172.05 -2167.37 -2157.38 -2161.28 -2160.09 -2171.72 -2164.87 -2109.8 -2079.41 -2058.12 -2039.15 -2021.47 -2012.2 -1998.3 -1984.19 -1987.3 -1990.42 -1942.77 -1908.74 -1877.57 -1863.97 -1856.89 -1862.02 -1869.84 -1832.64 -1807.4 -1782.59 -1776.79 -1729.15 -1692.93 -1675.18 -1656.28 -1652.93 -1632.65 -1605.47 -1605.41 -1615.12 -1608.15 -1587.58 -1629.72 -1677.22 -1642.37 -1553.65 -1447.89 -1379.65 -1339.83 -1303.14 -1273.6 -1256 -1256.65 -1266.75 -1272.37 -1261.04 -1223.77 -1169.9 -1116.76 -1069.35 -1017.87 -1013.13 -944.196 -895.836 -869.92 -811.936 -779.32
-2197.06 -2183.06 -2172.55 -2158.84 -2193.75 -2188.03 -2187.17 -2183.86 -2167.16 -2145.85 -2102.33 -2105.27 -2064.94 -2029.04 -2022.96 -2015.16 -2006.11 -1998.79 -1997.36 -1957.99 -1919.64 -1901.99 -1895.61 -1880.57 -1872.02 -1869.32 -1858.46 -1825.1 -1797.17 -1765.3 -1733.77 -1707 -1686.59 -1676.76 -1678.79 -1673.96 -1637.81 -1646.06 -1658.27 -1655.65 -1663.55 -1676.23 -1657.5 -1618.04 -1534.47 -1457.66 -1409.07 -1376.73 -1347.39 -1331.99 -1355.49 -1351.4 -1326.83 -1312.05 -1271.25 -1244.9 -1192.92 -1127.52 -1092.67 -1068.43 -1032.64 -971.716 -924.13 -913.48 -848.36 -806.46
-2204.52 -2177.22 -2179.35 -2191.55 -2192.8 -2192.26 -2193.35 -2203.76 -2185.58 -2172.55 -2118.72 -2116.58 -2087.24 -2057.63 -2032.27 -2033.85 -2022.47 -2004 -1991.08 -1955.89 -1937.31 -1937.35 -1926.92 -1918.34 -1892.19 -1878.27 -1861.78 -1828.36 -1794.92 -1771.48 -1756.88 -1738.03 -1712.37 -1720.7 -1703.64 -1718.1 -1697.05 -1702.21 -1725.59 -1715.07 -1711.28 -1672.39 -1610.37 -1574.44 -1516.89 -1493.89 -1457.55 -1425.78 -1402.11 -1394.14 -1403.61 -1393.03 -1365.87 -1324.23 -1291.78 -1257.43 -1220.86 -1150.89 -1100.53 -1056 -1025.11 -998.756 -995.07 -953.33 -910.2 -866.46
-2204.59 -2188.45 -2193.92 -2199.8 -2210.07 -2219.05 -2222.59 -2227.29 -2208.78 -2188.29 -2151.95 -2116.92 -2111.6 -2073.15 -2052.56 -2036.9 -2019.81 -2005.12 -1989.04 -1964.11 -1956.16 -1951.88 -1942.2 -1931.01 -1902.11 -1884.49 -1861.54 -1848.51 -1819.67 -1815.48 -1815.81 -1784.21 -1740.76 -1789.2 -1755.23 -1771.64 -1810.81 -1781.86 -1782.25 -1753.16 -1681.22 -1622.88 -1584.34 -1524.01 -1503.11 -1493.43 -1467.24 -1463.58 -1476.93 -1456.1 -1442.62 -1417.58 -1332.51 -1289.66 -1243.87 -1204.57 -1170.24 -1150.42 -1117.27 -1093.75 -1079.31 -1031.44 -1008.31 -990.528 -952.12 -924.75
-2225.76 -2213.96 -2199.45 -2218.04 -2249.82 -2265.05 -2259.95 -2264.97 -2223.7 -2189.26 -2160.31 -2117.89 -2092.88 -2047.23 -2040.05 -2036.02 -2038.82 -2019.87 -2004.37 -1986.59 -1975.14 -1961.24 -1949.73 -1940.76 -1920.86 -1897.23 -1881.99 -1860.44 -1858.57 -1838.8 -1838.43 -1788.82 -1796.49 -1821.1 -1821.58 -1841.41 -1862.8 -1831.94 -1773.19 -1696.06 -1637.09 -1608.08 -1564.3 -1530.27 -1520.5 -1502.51 -1522.4 -1525.08 -1567.75 -1560.98 -1470.44 -1416.99 -1355.71 -1305.34 -1258.04 -1216.53 -1208.02 -1176.38 -1143.24 -1126.94 -1093.64 -1074.87 -1055.43 -1007.6 -1007.82 -998.11
-2233.58 -2230.85 -2248.5 -2280.3 -2295.78 -2275.04 -2275.92 -2269.33 -2252.83 -2215.93 -2169.93 -2126.23 -2084.15 -2067.67 -2069.27 -2064.7 -2055.09 -2055.4 -2045.61 -2013.85 -1990.52 -1974.51 -1961.73 -1953.39 -1938.32 -1916.46 -1891.44 -1887.53 -1871.22 -1859.48 -1853.91 -1820.65 -1838.23 -1893.06 -1931.05 -1913.16 -1879.46 -1846.19 -1778.41 -1733.37 -1654.36 -1612.92 -1571.41 -1542.39 -1534.12 -1544.13 -1590.74 -1599.12 -1664.85 -1549.17 -1551.45 -1545.76 -1502.17 -1386.74 -1316.49 -1269.98 -1248.38 -1217.07 -1195.19 -1171.1 -1160.52 -1123.97 -1099.28 -1068.1 -1072.16 -1029.65
-2246.58 -2263.62 -2271.5 -2285.58 -2297.42 -2304.03 -2295.64 -2278.1 -2255.11 -2230.01 -2184.36 -2144.59 -2138.67 -2134.83 -2124.35 -2106.45 -2092.95 -2079.25 -2053.37 -2026.22 -2000.23 -1982.84 -1975.82 -1964.51 -1948.43 -1927.59 -1932.01 -1929.28 -1929.47 -1881.27 -1887.58 -1894.06 -1943.52 -1986.84 -1969.98 -1919.11 -1879.5 -1811 -1776.97 -1720.19 -1649.93 -1623.25 -1594.35 -1559.56 -1553.35 -1600.06 -1634.95 -1660.02 -1662.9 -1634.02 -1604.14 -1582.71 -1523.63 -1476.71 -1383.12 -1367.99 -1345.87 -1312.9 -1319.67 -1280.6 -1180.11 -1165.08 -1108.68 -1134.68 -1105.4 -1048.51
-2260.08 -2295.48 -2306.09 -2304.46 -2329.26 -2329.91 -2303.2 -2321.8 -2267.68 -2210.55 -2203.23 -2174.62 -2172.45 -2178.4 -2151.78 -2130.8 -2117.92 -2103.14 -2070.85 -2034.1 -2012.66 -1994.01 -1991.64 -1979.9 -1961.34 -1970.4 -2015.03 -1996.78 -1987.91 -1963.24 -1958.82 -2005.47 -2041.08 -2020.34 -1973.38 -1944.35 -1900.48 -1841.15 -1799.2 -1702.02 -1659.65 -1647.32 -1607.11 -1569.92 -1562.64 -1599.27 -1649.94 -1714.39 -1718.51 -1657.81 -1596.14 -1549.99 -1488.89 -1427.49 -1424.69 -1518.92 -1438.27 -1381.59 -1281.07 -1222.64 -1205.69 -1171.97 -1169.35 -1156.31 -1112.69 -1070.11
-2266.25 -2285.83 -2312.88 -2342.09 -2369.57 -2355.87 -2339.6 -2313.18 -2270.46 -2247.59 -2227.43 -2202.14 -2199.78 -2152.73 -2177.73 -2142.91 -2125.21 -2102.05 -2075.89 -2054.84 -2032.77 -2011.81 -1995.95 -1988.12 -1974.1 -2041.73 -2049.27 -2025.01 -2012.76 -2003.83 -2070.21 -2084.37 -2028.18 -1986.67 -1961.93 -1923.98 -1870.67 -1804.55 -1755.15 -1714.93 -1665.75 -1634.98 -1645.56 -1618.91 -1615.24 -1657.16 -1708.7 -1771.48 -1754.49 -1688.06 -1572.31 -1489.28 -1458.74 -1531.07 -1614.7 -1531.92 -1440.55 -1394.56 -1322.44 -1272.28 -1236.58 -1213.6 -1199.56 -1161.64 -1128.01 -1065.14
-2293.97 -2338.71 -2353.53 -2386.79 -2403.37 -2398.6 -2407.95 -2335.38 -2325.59 -2292.38 -2272.04 -2273.84 -2221.2 -2183.41 -2161.27 -2141.99 -2108.55 -2102.76 -2090.01 -2058.94 -2037.42 -2016.75 -2005.45 -2007.01 -2002.35 -2034.16 -2079.48 -2064.02 -2053.36 -2097.92 -2132.82 -2069.73 -2018.31 -1948.69 -1904.61 -1855.74 -1819.04 -1828.24 -1830.02 -1782.53 -1733.9 -1710.99 -1718.36 -1701.11 -1688.45 -1687.89 -1768 -1794.66 -1761.9 -1728.89 -1674.3 -1594.8 -1556.76 -1670.47 -1651.85 -1630.16 -1577.04 -1549.26 -1522.95 -1360.29 -1254.67 -1210.82 -1159.05 -1134.22 -1104.42 -1073.14
-2342.65 -2358.37 -2399.35 -2440.91 -2440.88 -2447.1 -2426.17 -2372.35 -2332.42 -2291.63 -2255.11 -2237.4 -2229.84 -2205.44 -2154.9 -2144.8 -2100.12 -2102.19 -2094.23 -2063.61 -2052.26 -2057.89 -2030 -2027.43 -2037.2 -2091.5 -2114.15 -2109.67 -2124.41 -2177.4 -2142 -2122.05 -2109.27 -2072.56 -1989.64 -1891.46 -1908.19 -1919.41 -1905.27 -1835.25 -1758.68 -1788.32 -1793.01 -1771.75 -1719.15 -1738.15 -1796.49 -1803.97 -1787.54 -1747.61 -1716 -1647.7 -1675.28 -1762.1 -1743.31 -1677.06 -1608.99 -1524.65 -1417.07 -1316.82 -1254.99 -1186.18 -1147.9 -1141.01 -1126.91 -1099.67
-2397.76 -2429.02 -2462.69 -2468.13 -2448.85 -2440.21 -2404.51 -2345.08 -2317.14 -2296.22 -2279.82 -2251.09 -2234.81 -2213.39 -2161.28 -2130.88 -2115.66 -2103.06 -2091.14 -2056.06 -2086.99 -2105.21 -2097.48 -2063.16 -2038.57 -2120.6 -2138.89 -2156.5 -2205.46 -2181.06 -2153.62 -2137.8 -2100.36 -2034.11 -1982.42 -1983.55 -2005.07 -1998.98 -1960.38 -1881.74 -1794.79 -1870.37 -1877.83 -1832.71 -1772.7 -1785.97 -1837.06 -1869.6 -1825.2 -1752.34 -1781.15 -1800.35 -1819.45 -1746.06 -1648.32 -1546.61 -1510.33 -1424.71 -1344.3 -1291.06 -1249.2 -1225.97 -1210.13 -1190.69 -1164.2 -1130.29
-2402.73 -2444.58 -2487.82 -2498.43 -2470.88 -2452.78 -2371.72 -2348.47 -2331.77 -2314.67 -2289.81 -2268.73 -2236.72 -2208.41 -2175.71 -2150 -2125.93 -2100.15 -2093.01 -2072.89 -2093.31 -2130.67 -2163.56 -2136.08 -2120.14 -2141.22 -2218.22 -2230.21 -2256.62 -2202.9 -2109.64 -2073.06 -2036.36 -2019.98 -2024.69 -2060.13 -2040.73 -2013.02 -1971.43 -1899.54 -1852.94 -1940.77 -1918.54 -1929.27 -1852 -1893.19 -1919.73 -1917.69 -1868.5 -1849.23 -1853.27 -1855.35 -1757.52 -1670.59 -1615.54 -1515.54 -1440.11 -1428.34 -1375.7 -1334.06 -1320.35 -1274.92 -1252.48 -1212.76 -1157.71 -1129.66
-2457.21 -2517.87 -2525.8 -2525.78 -2510.59 -2433.9 -2385.34 -2355.21 -2334.32 -2321.18 -2295.39 -2267.37 -2241.01 -2211.21 -2185.02 -2175.21 -2142.74 -2125.34 -2120.16 -2121.55 -2112.89 -2144.5 -2185.57 -2179.82 -2194.56 -2213.64 -2253.48 -2281.08 -2277.97 -2205.93 -2120.53 -2075.2 -2069.26 -2089.08 -2097.22 -2100.03 -2061.17 -1967.07 -1945 -1947.02 -2000.02 -2000.31 -2020.91 -1956.22 -1949.41 -1933.29 -1935.71 -1952.54 -1933.87 -1898.83 -1828.08 -1795.56 -1693.55 -1639.96 -1576.78 -1543.42 -1523.13 -1478.64 -1440.78 -1398.63 -1367.4 -1320.28 -1266.64 -1212.53 -1129.8 -1085.9
-2526.52 -2561 -2561.9 -2539.04 -2486.07 -2425.51 -2399.29 -2372.07 -2355.22 -2317.95 -2288.45 -2262.31 -2228.45 -2220.26 -2226.85 -2194.8 -2179.82 -2178.54 -2193.24 -2196.25 -2162.71 -2154.47 -2213.16 -2266.82 -2270.67 -2271.96 -2283.78 -2310.88 -2304.58 -2188.61 -2109.74 -2107.06 -2147 -2175.7 -2150.68 -2058.53 -2028.94 -2041.55 -2065.19 -2025.21 -2071.8 -2073.9 -2034.78 -2029.66 -2004.31 -1994.38 -1981.95 -1960.84 -1913.6 -1880.45 -1874.48 -1851 -1831.6 -1747.22 -1698.37 -1669.2 -1632.69 -1563.49 -1468.14 -1429.87 -1389.26 -1337.88 -1284.48 -1242.48 -1170.21 -1130.89
-2535.12 -2568.11 -2580.14 -2535.59 -2477.6 -2432.64 -2396.99 -2376.79 -2355.88 -2318.32 -2291.1 -2252.39 -2238.85 -2238.41 -2239.45 -2234.32 -2213.01 -2227.75 -2266.63 -2273.89 -2229.83 -2215.75 -2283.94 -2328.78 -2313.58 -2310.93 -2316.22 -2340.1 -2305.23 -2190.05 -2150.58 -2221.19 -2230.28 -2196.6 -2151.06 -2173.08 -2137.63 -2133.9 -2147.94 -2135.57 -2150.79 -2133.15 -2102.35 -2049.63 -2032.56 -2011.1 -1964.42 -1924.95 -1888 -1831.61 -1791.76 -1770.91 -1778.03 -1753.4 -1725.56 -1672.11 -1608.78 -1546.58 -1490.28 -1433.97 -1386.99 -1328.03 -1274.45 -1235.18 -1193.19 -1170.11
-2597.88 -2610.51 -2608.24 -2527.12 -2480.4 -2433.81 -2409.29 -2380.73 -2343.92 -2325.74 -2282.56 -2271.57 -2259.74 -2250.25 -2234.63 -2231.08 -2252.69 -2268.51 -2276.73 -2295.86 -2284.57 -2268 -2315.56 -2324.58 -2336.44 -2347.61 -2373.86 -2387.87 -2298.79 -2272.87 -2288.75 -2302.72 -2277.62 -2251.49 -2253.95 -2255.91 -2242.19 -2234.58 -2223 -2206.17 -2183.71 -2161.77 -2111.71 -2035.4 -2018.44 -2008.78 -1907.36 -1872.13 -1817.26 -1783.6 -1721.17 -1683.92 -1679.77 -1658.56 -1630.43 -1609.56 -1578.46 -1549.32 -1492.18 -1422.42 -1372.24 -1325.04 -1282.51 -1243 -1216.24 -1217.95
