res/shore/ca512.asc
ncols         512
nrows         512
xllcorner     -124.00013888889
yllcorner     36.99986111111
cellsize      0.00027777778
NODATA_value  -9999
[rows 232 to 260 of 512, columns 330 to 395 of 512]
-46.03 -45.61 -45.146 -44.6459 -44.1305 -43.6054 -42.9977 -42.3834 -41.7327 -41.0545 -40.3937 -39.597 -38.8688 -37.9437 -36.6744 -35.3515 -33.7967 -31.9847 -30.1191 -28.1379 -25.7996 -23.309 -19.7841 -14.5579 -7.82019 -1.75719 45.6567 83.2961 145.152 114.867 159.99 189.679 251.544 323.573 346.049 253.131 301.975 287.19 365.556 297.678 282.004 211.666 141.555 128.053 53.8823 89.391 82.2424 114.917 184.926 191.007 234.645 255.058 222.365 352.348 403.986 448.178 436.67 433.886 393.675 240.327 267.654 181.061 118.577 259.704 330.762 378.751
-46.25 -44.55 -45.6772 -45.2023 -44.6379 -44.0483 -43.5447 -42.929 -42.2717 -41.5725 -40.9288 -40.1434 -39.4236 -38.6521 -37.6349 -36.4313 -34.9947 -33.2886 -31.6227 -29.7498 -27.5733 -25.346 -22.9896 -17.2261 -9.20604 -3.39585 49.8818 81.3416 117.754 160.369 145.735 118.807 192.818 257.543 300.904 269.506 258.43 237.354 289.365 349.813 329.433 307.073 148.423 148.724 113.026 49.3771 63.5557 112.142 108.215 163.344 162.798 224.463 209.886 259.588 345.652 367.362 425.39 471.187 448.361 382.789 324.954 310.27 227.255 146.794 205.2 221.54
-46.7901 -46.17 -45.41 -45.7039 -45.1719 -44.5736 -43.9852 -43.4352 -42.7428 -42.1318 -41.4332 -40.7144 -39.9863 -39.2351 -38.3572 -37.321 -36.0957 -34.5476 -33.0047 -31.3156 -29.2759 -27.1698 -24.8915 -21.0618 -1.66856 -4.25591 60.9685 98.6667 59.7253 136.672 161.914 117.659 163.075 180.329 234.795 285.771 151.615 186.528 252.723 327.858 276.482 272.953 295.034 193.612 115.79 49.096 42.4173 76.038 92.1351 80.3186 166.747 135.836 217.368 262.293 274.677 286.251 374.196 392.345 479.701 469.268 415.046 392.462 320.5 244.216 170.122 153.863
-48.3897 -45.91 -46.98 -45.63 -45.7284 -45.104 -44.4658 -43.9425 -43.3253 -42.7334 -42.0218 -41.2916 -40.5474 -39.8458 -38.9711 -38.1295 -37.079 -35.7981 -34.3553 -32.9044 -31.0772 -29.1451 -27.047 -23.7484 -18.859 -10.3709 -6.48516 -3.09426 100.143 98.8232 137.051 154.52 206.638 212.203 264.702 291.599 203.982 126.065 212.769 251.989 250.716 256.3 261.692 247.677 127.163 36.9484 87.6388 45.2048 57.4031 98.8065 113.302 161.7 123.361 183.927 281.86 296.575 234.171 346.582 427.584 438.016 483.659 430.771 456.16 396.642 314.55 169.979
-49.0996 -47.6 -46.87 -45.86 -46.1519 -45.6009 -45.0856 -44.5348 -43.8245 -43.2269 -42.5593 -41.7953 -41.1048 -40.3482 -39.5254 -38.685 -37.8385 -36.7055 -35.5269 -34.2189 -32.7014 -31.1695 -29.2783 -26.208 -22.3586 -18.8113 -13.2703 -6.20071 -7.18453 -3.29789 70.5759 139.08 126.44 184.189 216.38 258.544 288.674 248.399 110.913 138.99 294.987 183.121 250.7 239.615 181.21 99.1616 62.9643 92.2249 53.5689 57.7644 113.351 46.0402 136.84 166.936 201.785 201.208 215.76 302.232 286.327 366.598 362.642 460.472 452.983 348.824 239.65 170.164
-49.3804 -48.41 -48.89 -47.92 -46.65 -46.1325 -45.5487 -45.0007 -44.3399 -43.6978 -43.0715 -42.3092 -41.6337 -40.9058 -40.0696 -39.2749 -38.445 -37.4646 -36.4186 -35.3411 -34.0855 -32.9554 -32.3516 -28.0301 -24.93 -21.7082 -19.0627 -14.8341 -10.5621 -5.11011 -2.0208 85.9177 120.458 133.655 99.1414 141.611 183.505 227.763 151.221 177.139 259.676 235.762 167.726 246.905 226.024 86.3301 35.3541 78.2319 52.1103 39.7829 32.355 65.8417 92.1673 150.838 133.598 140.748 217.022 182.317 222.359 244.23 349.344 397.402 452.382 370.378 361.42 296.518
-52.44 -51.57 -52.38 -48.9 -46.14 -46.47 -46.0376 -45.5041 -44.8144 -44.2072 -43.5504 -42.8687 -42.2024 -41.487 -40.6694 -39.8343 -39.0307 -38.1153 -37.2247 -36.2604 -35.1788 -34.0962 -33.383 -31.009 -28.3724 -25.3673 -21.9492 -19.7584 -15.5452 -12.0444 -7.2042 -7.4523 -2.96795 -2.15776 13.2758 68.9465 109.877 136.014 162.732 88.0201 147.004 249.29 106.108 153.171 150.323 69.6942 120.378 109.509 78.5595 28.1223 3.52126 1.0895 44.1446 93.9815 66.73 110.044 126.567 153.866 228.309 288.286 309.958 292.962 355.249 467.348 441.651 467.218
-51.94 -51.34 -49.94 -47.39 -46.94 -46.12 -46.4988 -45.9387 -45.3072 -44.6736 -44.08 -43.3701 -42.6852 -42.0055 -41.2195 -40.4075 -39.5952 -38.6609 -37.8344 -36.9295 -35.9234 -34.8973 -34.4412 -32.3223 -30.1136 -27.7346 -24.7181 -22.1105 -19.2944 -15.9535 -10.86 -12.3272 -9.68825 -7.54197 -6.65301 -1.93105 19.2896 81.3758 125.792 98.0448 99.6036 174.85 208.415 177.869 177.76 174.069 91.8213 43.7201 44.1003 66.3652 20.52 -1.555 -1.57436 0.791508 48.5126 64.1942 85.7709 166.361 171.838 184.299 166.837 252.457 353.48 396.354 374.245 452.018
-50.87 -49.29 -49.02 -48.99 -47.83 -47.27 -47.59 -46.3684 -45.7728 -45.1013 -44.4934 -43.8871 -43.1619 -42.4596 -41.6595 -40.9388 -40.1199 -39.188 -38.3435 -37.4431 -36.5533 -35.6256 -34.6526 -33.6874 -31.5333 -28.9125 -27.1885 -24.8515 -22.653 -19.7737 -20.443 -19.3166 -15.858 -13.38 -8.49634 -7.84585 -4.06861 -2.30153 60.4383 71.8784 88.0543 104.87 177.892 201.872 170.143 211.302 176.462 72.1961 17.6266 60.0787 43.447 -1.55563 -1.635 -1.55 -1.55 23.1235 67.6369 103.387 54.8086 118.195 247.488 225.399 304.852 254.82 367.307 407.239
-49.83 -51.0304 -50.6 -49.54 -47.97 -48.92 -48.55 -46.97 -46.3008 -45.6488 -45.0027 -44.2962 -43.6252 -42.9373 -42.1968 -41.4676 -40.6601 -39.724 -38.8941 -38.0719 -37.1835 -36.3405 -35.4636 -34.7185 -33.076 -31.3821 -28.8186 -27.1297 -25.1834 -23.1629 -22.2169 -21.558 -20.1393 -17.9848 -12.8885 -9.43788 -9.1716 -6.53012 -5.1274 -1.75949 64.9201 73.0275 113.895 114.3 133.308 154.109 163.586 149.462 71.3482 24.0154 48.8564 32.2695 -1.59522 -1.56059 -1.56 -1.55826 -1.54995 8.7676 79.2953 135.443 166.113 137.458 200.265 295.783 242.667 307.712
-52.82 -52.8505 -51.14 -50.86 -49.03 -48.26 -47.03 -47.71 -46.7395 -46.1581 -45.4967 -44.7453 -44.1097 -43.4563 -42.7545 -42.0246 -41.2253 -40.2473 -39.403 -38.5875 -37.7338 -36.8924 -36.0402 -35.1226 -34.3317 -32.8865 -30.2629 -28.7027 -26.823 -24.949 -24.026 -23.0281 -21.7819 -20.1521 -17.9042 -14.9292 -13.3848 -10.8401 -8.33712 -5.42082 32.1859 47.1435 63.9366 75.1276 122.294 109.433 122.835 140.88 101.649 17.6459 38.0503 26.0668 1.5459 0.709352 -1.56 -1.56 -1.55309 -1.55 9.57434 47.3497 66.3565 181.852 195.512 140.828 272.651 388.421
-53.06 -52.7081 -52.7 -51.36 -49.85 -49.15 -48.55 -48.62 -47.34 -46.6382 -45.9581 -45.2816 -44.6494 -43.9322 -43.2275 -42.5162 -41.7207 -40.8145 -39.9789 -39.1455 -38.2295 -37.3514 -36.4739 -35.5156 -34.553 -33.5111 -31.988 -30.1153 -28.0855 -26.7315 -24.1546 -24.2248 -22.889 -21.3941 -19.2642 -17.3487 -14.8069 -11.1542 -9.25511 -6.88375 -2.58295 39.6635 45.0243 54.0085 70.2255 71.8619 70.3258 85.7825 77.088 51.9496 6.72736 6.55611 2.11962 0.188927 -1.56 -1.56 -1.56043 -1.55 -1.55 12.1503 91.7088 113.073 57.4058 203.064 306.753 313.612
-53.03 -52.6933 -52.28 -51.18 -50.78 -49.56 -49.81 -47.23 -46.2302 -45.97 -46.6136 -45.9196 -45.226 -44.5507 -43.8315 -43.2005 -42.4008 -41.523 -40.6957 -39.7747 -38.8639 -37.9649 -37.0208 -35.9639 -35.06 -33.9584 -32.5516 -31.3669 -28.9183 -28.8939 -26.7095 -23.1181 -24.1071 -22.788 -20.7747 -18.3349 -14.2951 -11.5784 -9.3504 -9.32539 -4.56068 41.2825 51.4977 55.622 61.1717 56.0838 59.9023 51.2575 66.4523 66.4732 53.3137 15.0745 1.94688 1.58021 -1.56 -0.112338 -0.158144 -1.55001 -1.54996 -1.54022 7.36115 61.4161 126.588 145.547 205.505 159.534
-53.96 -52.9634 -52.72 -51.1 -50.81 -49.31 -48.55 -47.45 -46.0304 -45.7 -44.27 -46.5787 -45.824 -45.1853 -44.4807 -43.7658 -43.0593 -42.1615 -41.3834 -40.5298 -39.5345 -38.6432 -37.6792 -36.6192 -35.4484 -34.4384 -32.9509 -31.738 -30.4958 -29.1745 -26.737 -26.0292 -22.2724 -24.0748 -22.3876 -19.1942 -16.5614 -12.3251 -10.0397 -7.80639 -5.97856 -1.93853 48.4024 49.5789 54.4435 32.8437 39.0705 56.2557 47.0334 57.5422 57.8596 55.8007 39.2847 37.075 10.9988 0.612742 -1.55004 -1.55 -1.54611 -1.53999 -1.54008 -1.52999 24.0132 74.7946 59.6904 37.0173
-54.75 -54.0195 -52.73 -52.46 -51.19 -49.2 -47.9 -47.2 -47.0069 -46.88 -45.3 -45.89 -46.4094 -45.8302 -45.0167 -44.3618 -43.6347 -42.8577 -42.0503 -41.2957 -40.2722 -39.3907 -38.4669 -37.46 -36.75 -35.2866 -33.9401 -32.1958 -30.6096 -29.0766 -29.2621 -26.9484 -26.4456 -22.9491 -23.515 -20.7879 -16.8857 -15.2081 -11.4027 -8.29355 -7.10657 -3.34978 43.2027 40.8812 48.5635 49.448 39.9908 48.9291 43.1102 54.7412 56.8069 56.5914 47.5874 42.944 46.0421 -1.59901 2.2226 0.441564 -0.439171 -0.457827 0.426979 -0.56206 0.08049 1.24852 12.5445 54.8098
-55.4 -54.4799 -53.1901 -52.11 -50.8 -49.19 -48.88 -48.94 -47.345 -49.99 -47.11 -45.49 -45.6 -46.44 -45.7014 -45.2134 -44.3655 -43.5486 -42.7904 -41.995 -41.1214 -39.8615 -39.2765 -38.2398 -37.222 -36.2066 -34.7494 -33.6897 -31.9966 -29.7333 -30.2788 -28.324 -25.0514 -24.9652 -22.5467 -22.56 -19.9941 -15.3378 -12.7437 -6.95777 -9.14033 -4.21102 26.9766 38.9213 33.1411 21.1746 27.1271 46.1094 48.9235 50.9047 55.3758 52.9733 49.3152 18.8063 -1.89875 -2.64988 -3.97879 -4.67207 -6.13669 -5.55765 -4.69151 -3.39952 -1.72028 -0.000849962 -1.52693 26.7319
-55.59 -54.3701 -52.4301 -50.96 -50.88 -50.56 -49.85 -48.98 -48.9304 -47.62 -46.98 -46.67 -45.64 -45.51 -44.4 -45.7516 -45.0537 -44.2644 -43.4387 -42.7384 -41.8966 -41.0177 -40.1022 -39.1079 -38.1122 -37.185 -36.4636 -35.0907 -32.6207 -31.7261 -30.9179 -29.1237 -29.295 -25.3755 -24.9313 -21.758 -21.913 -19.58 -16.6194 -14.413 -9.71233 -6.7049 -5.58098 -3.07799 -2.47292 -1.71512 40.0943 47.7488 49.3284 48.1093 53.8329 26.8901 -1.81773 -2.64143 -4.44207 -5.78543 -7.00117 -7.95129 -8.91995 -9.83011 -10.0388 -9.89888 -8.6682 -5.54949 -2.75122 0.651617
-55.64 -53.6301 -52.0701 -51.89 -51.73 -50.93 -50.7 -49.72 -48.9996 -48.33 -47.42 -47.5 -46.25 -44.74 -42.96 -42.1895 -43.78 -44.84 -44.1921 -43.4797 -42.6342 -41.8531 -41.0406 -40.0518 -39.1549 -38.2573 -37.4412 -36.3847 -35.0624 -30.9944 -31.17 -31.366 -29.2699 -29.091 -25.7295 -23.8376 -20.677 -20.4922 -19.8999 -17.775 -16.0109 -11.087 -10.577 -8.63972 -7.1581 -4.63505 -2.34455 23.0105 36.0863 48.3641 -1.645 -1.87827 -2.89612 -4.44793 -6.03999 -7.01009 -8.56001 -9.27816 -10.2621 -11.7187 -12.6676 -12.7178 -12.3911 -11.9809 -9.73098 -6.23124
-56.41 -54.36 -53.2791 -52.71 -51.47 -50.92 -50.91 -50.77 -49.86 -49.1903 -48.92 -48.63 -45.89 -43.71 -44.35 -45.2099 -43.7101 -43.47 -42.5 -42.73 -42.96 -42.8397 -42.0374 -41.1633 -40.2147 -39.3741 -38.3518 -37.377 -36.4108 -33.4373 -31.9405 -31.1735 -30.071 -30.2645 -29.0439 -25.4238 -23.5097 -20.3127 -19.874 -19.905 -18.5366 -16.0126 -12.4355 -12.7584 -10.9086 -9.64656 -7.81579 -5.62401 -2.50948 -1.62058 -1.70558 -3.03243 -4.76928 -5.15171 -7.60106 -8.78799 -9.68017 -10.9398 -12.0808 -12.7799 -13.9501 -14.5479 -14.6795 -14.7188 -14.2163 -13.3649
-56.09 -54.92 -54.1564 -52.73 -52.66 -51.98 -50.89 -50.92 -50.75 -49.478 -48.54 -46.71 -45.74 -46.1 -45.76 -45.47 -44.6602 -43.63 -43.8 -43.6 -42.14 -41.75 -41.8615 -42.0583 -41.2641 -40.3018 -39.3156 -38.3339 -37.3462 -36.3964 -35.7652 -32.5565 -31.4825 -29.2847 -29.0672 -27.8374 -24.5016 -23.569 -21.2986 -19.2875 -18.6854 -17.4449 -14.6758 -13.2633 -13.0698 -11.8866 -9.07864 -8.14008 -9.23346 -5.96474 -2.57066 -3.21397 -5.11836 -6.87917 -8.70152 -9.98465 -11.5989 -12.4791 -13.2477 -13.9001 -14.8401 -15.6001 -15.9098 -15.7449 -15.8181 -15.6085
-56.41 -55.56 -54.4602 -53.91 -52.69 -52.72 -51.91 -51.01 -50.83 -50.0752 -48.86 -47.76 -48.62 -47.64 -47.15 -47 -45.9676 -45.24 -45.24 -43.96 -42.91 -42.06 -43.62 -42.8902 -42.2102 -41.3855 -40.2638 -39.2687 -38.2924 -37.1519 -36.1151 -35.0438 -33.0809 -33.3292 -31.4202 -30.2836 -28.1593 -25.3441 -23.1875 -20.3964 -19.6493 -18.524 -16.4599 -15.3598 -12.6242 -13.4919 -11.6196 -9.89027 -10.4529 -8.15071 -4.7654 -4.65496 -5.88893 -8.42899 -10.0396 -12.1777 -13.6853 -13.9513 -14.5412 -15.1423 -15.8401 -16.058 -16.2877 -16.7054 -16.9092 -17.1299
-56.26 -55.59 -54.5199 -53.99 -52.71 -52.74 -53.08 -51.46 -50.92 -50.8902 -50.48 -49.55 -49.01 -48.18 -49.03 -47.7 -45.6197 -45.32 -43.95 -43.38 -42.24 -42.93 -43.52 -43.4987 -42.96 -42.2345 -41.3586 -40.3039 -39.2997 -38.1712 -37.088 -35.9699 -34.7809 -33.8634 -32.5227 -31.3964 -29.777 -28.9078 -27.2701 -24.1203 -21.6914 -20.0473 -19.0945 -17.2303 -16.4529 -13.6816 -10.5902 -12.0076 -9.01236 -12.8607 -8.51403 -6.73065 -6.02947 -9.89844 -10.4684 -13.2712 -15.2426 -15.7115 -16.4191 -16.4904 -16.5614 -16.861 -17.202 -17.5888 -17.8022 -18.0207
-56.41 -56.18 -55.01 -54.3403 -54.21 -54.54 -52.89 -52.55 -51.99 -51.6 -50.8801 -50.93 -50.68 -49.79 -49.24 -47.99 -45.85 -45.27 -43.97 -43.6 -44.73 -45.47 -44.39 -43.5801 -43.48 -42.9 -42.0852 -41.3449 -40.2341 -39.1926 -38.1622 -37.0223 -35.7751 -34.7223 -34.5851 -33.5999 -31.0591 -29.6638 -28.4963 -26.1023 -24.8594 -22.7695 -21.1373 -18.6507 -17.9592 -16.7514 -13.1923 -10.9215 -13.097 -14.3088 -12.0373 -11.408 -12.4753 -8.06498 -11.5914 -13.8853 -16.4999 -17.0312 -17.4711 -17.2798 -17.5027 -17.8114 -17.9518 -18.1286 -18.5365 -18.8209
-56.5 -56.59 -55.52 -54.5205 -55.01 -54.62 -52.84 -53.47 -52.71 -51.49 -51.4999 -50.92 -50.81 -49.75 -48.88 -47.42 -46.86 -45.2304 -44.16 -46.19 -45.85 -45.45 -45.41 -44.69 -43.9201 -43 -42.785 -42.0218 -41.1339 -40.1814 -39.209 -38.2101 -37.0167 -36.0319 -35.255 -33.9225 -32.9554 -31.6597 -31.1435 -28.0942 -26.8468 -24.9142 -22.6264 -23.7452 -18.9984 -18.4028 -17.0743 -14.0029 -9.98119 -14.4479 -13.9418 -13.2093 -14.469 -13.5697 -14.5002 -15.8166 -17.2511 -18.7913 -18.6324 -18.6406 -18.5784 -18.7022 -18.7342 -18.7966 -18.9674 -19.1628
-56.48 -56.43 -55.71 -55.0824 -55.08 -55.2 -54.44 -54.17 -52.73 -52.65 -52.6819 -51.55 -50.96 -50.06 -48.97 -48.53 -47.19 -46.4231 -46.88 -47.36 -46.87 -46.13 -46.55 -44.79 -43.7318 -43.58 -43.61 -42.5963 -41.8518 -40.9993 -40.1763 -39.4096 -38.519 -38.0117 -36.9859 -36.1086 -34.4824 -33.2693 -31.6297 -29.9516 -29.0563 -27.3971 -25.4614 -23.7389 -21.941 -20.0967 -18.4915 -19.0093 -15.568 -12.7239 -12.0366 -16.6916 -17.3538 -17.5292 -17.476 -16.1968 -18.3881 -20.1075 -19.922 -19.759 -19.52 -19.3004 -19.1602 -19.3532 -19.5683 -19.742
-56.41 -56.35 -56.07 -55.8603 -55.91 -55.05 -54.83 -54.53 -54.3 -53.23 -52.8898 -51.28 -50.92 -49.97 -48.97 -49.09 -48.69 -47.1595 -47.22 -47.29 -47.27 -46.79 -44.35 -43.78 -44.55 -43.7399 -44.16 -43.44 -42.3077 -41.5483 -40.921 -40.1633 -39.4271 -38.8278 -38.3498 -37.3535 -36.122 -35.4745 -34.0579 -32.311 -29.9837 -29.2396 -27.5367 -26.1329 -24.5408 -22.0914 -21.8778 -19.7776 -19.6264 -17.0428 -14.946 -15.2855 -17.289 -18.8689 -18.113 -17.375 -19.9259 -21.8785 -21.136 -20.5615 -20.181 -20.2194 -20.1936 -20.2587 -20.422 -20.5903
-56.56 -56.43 -56.34 -56.38 -56.3703 -55.71 -54.73 -54.5 -54.46 -53.84 -52.22 -50.8803 -50.68 -49.44 -49.25 -50.31 -48.96 -47.65 -48.0605 -48.12 -46.92 -45.48 -44.63 -45.06 -45.55 -44.7098 -45 -43.91 -42.09 -41.9332 -41.3384 -40.6757 -39.9387 -39.3161 -38.6813 -38.2397 -36.9091 -36.1192 -35.0332 -34.1648 -32.5378 -30.7875 -29.156 -28.1893 -26.3205 -24.7343 -23.4906 -23.0282 -22.0423 -20.8777 -18.8356 -18.3623 -20.1219 -20.3807 -19.3357 -19.6357 -20.0594 -22.5748 -22.2045 -21.9408 -21.4648 -21.2215 -21.3216 -21.2933 -21.2484 -21.3485
-57.01 -56.45 -56.42 -56.44 -56.409 -56.19 -55.36 -54.61 -54.12 -53.26 -51.81 -50.7451 -50.9 -50.38 -49.62 -49.92 -49.01 -48.93 -48.9944 -47.53 -47.52 -47.15 -47.2 -46.83 -45.38 -44.82 -43.64 -42.91 -41.83 -42.61 -41.6 -40.9509 -40.3292 -39.7413 -39.0523 -38.3638 -37.6836 -36.7858 -35.9918 -35.0857 -33.9424 -33.4476 -31.934 -30.3639 -29.3139 -27.7211 -26.1589 -25.4007 -24.4694 -24.5163 -22.5822 -22.7612 -23.3854 -20.6367 -23.0963 -22.0742 -21.0294 -24.1914 -23.4903 -23.1004 -22.9462 -22.4732 -22.216 -22.2999 -22.3528 -22.23
-58.21 -56.79 -56.47 -56.45 -56.4139 -56.17 -55.53 -54.71 -54.42 -53.58 -52.81 -51.3899 -51.34 -50.92 -50.34 -49.58 -49.23 -49.01 -48.93 -48.4298 -48.76 -48.34 -47.32 -46.78 -45.74 -45.12 -43.6912 -43.63 -43.37 -43.34 -41.98 -41.54 -40.42 -39.988 -39.3502 -38.5728 -37.8634 -37.126 -36.3202 -35.4154 -34.4938 -33.8678 -33.8718 -32.0081 -31.365 -30.23 -28.6952 -27.51 -26.4511 -24.9724 -26.4273 -26.2189 -25.3505 -24.9487 -25.1809 -25.0709 -25.8427 -25.2376 -24.6665 -23.938 -23.8354 -23.5989 -23.1645 -22.9232 -22.9061 -22.9793
