res/shore/ca512.asc
ncols         512
nrows         512
xllcorner     -124.00013888889
yllcorner     36.99986111111
cellsize      0.00027777778
NODATA_value  -9999
[rows 319 to 347 of 512, columns 264 to 329 of 512]
-463.843 -443.82 -361.47 -260.9 -180.04 -150.02 -135.25 -133.32 -129.17 -126.35 -124 -121.1 -118.68 -116.3 -113.55 -111.71 -109.25 -107.58 -105.33 -103.57 -101.96 -100.52 -98.57 -96.66 -95.39 -93.86 -92.12 -92.8 -91.34 -93.26 -90.36 -87.66 -85.32 -84.69 -82.09 -79.2596 -76.29 -74.2505 -72.31 -70.3402 -68.4956 -68.7 -71.3 -72.91 -73.4896 -73.81 -73.53 -73.3 -73.48 -71.97 -71.5699 -71.25 -70.4913 -71.17 -70.2 -68.83 -67.4988 -67.5298 -67.9928 -66.9 -66.87 -66.0071 -66.56 -68.05 -67.64 -66.6
-445.599 -330.359 -255.091 -204.1 -198 -176.49 -146.87 -138.83 -134.82 -130.56 -127.55 -124.82 -122.88 -120.73 -118.33 -116.81 -115.05 -113.37 -111.09 -109.27 -108.03 -108.73 -104.57 -103.44 -101.83 -101.55 -98.24 -96.4797 -96.79 -93.94 -93.58 -93.54 -92.46 -89.36 -87.68 -86.13 -82.93 -82.5399 -79.4001 -79.6 -78.02 -79.9841 -78.4901 -80.0058 -78.74 -79.78 -79.19 -76.38 -78.49 -76.49 -75.78 -75.54 -74.57 -74.05 -73.19 -73.45 -72.32 -72.4291 -71.1299 -72.1001 -70.8599 -70.38 -71.2177 -69.5 -68.66 -70.85
-414.93 -311.17 -274.82 -321.97 -331.731 -226.78 -173.44 -145.005 -139.37 -134.64 -130.04 -127.87 -126.44 -123.94 -122.44 -122.25 -120.61 -118.91 -117.37 -115.18 -112.6 -111.65 -113.47 -107.93 -109.98 -105.43 -103.48 -102.73 -100.45 -102.6 -97.48 -98.24 -96.75 -93.62 -92.417 -91.17 -88.49 -86.07 -85.0201 -83.8801 -84.55 -83.4994 -84.03 -84.5509 -84.23 -82.2303 -83.9442 -82.53 -80.49 -80.4965 -80.09 -80.19 -78.33 -77.4899 -76.41 -75.72 -75.1 -74.66 -74.33 -75.0801 -73.6701 -73.5002 -72.93 -72.1 -71.62 -72.4955
-432.71 -380.489 -407.88 -451.88 -346.43 -323.4 -267.439 -165.069 -163.29 -140.49 -136.69 -132.25 -129.7 -127.19 -125.86 -125.17 -123.68 -121.9 -120.82 -119.14 -117.48 -117.65 -115.66 -112.06 -111.12 -109.83 -106.48 -108.01 -107.29 -105 -101.78 -102.37 -100.16 -99.73 -100.11 -97.52 -92.41 -91.5 -90.17 -88.8903 -89.1 -89.29 -88.54 -88.4799 -87 -87.4807 -85.71 -85.75 -83.47 -83.09 -82.06 -82.4767 -81.4703 -79.97 -79.66 -78.49 -77.99 -77.19 -77.12 -74.51 -74.7396 -75.5002 -74.54 -74.35 -75.25 -72.51
-563.84 -493.2 -572.94 -500.34 -467.93 -385.29 -321.76 -300.56 -235.1 -162.92 -141.5 -138.88 -133.96 -130.51 -128.91 -128.5 -127.02 -125.76 -121.47 -122.3 -119.24 -118.33 -117.74 -115.46 -114.4 -110.48 -111.51 -109.97 -109.4 -108.39 -105.48 -105.42 -105.63 -104.48 -102.2 -99.95 -98.85 -98.97 -96.31 -96.7 -93.6353 -94.12 -92.9944 -91.4795 -90.4322 -89.06 -88.94 -87.57 -87.47 -85.6 -86.07 -85.73 -84.42 -82.49 -81.9868 -82.5255 -79.71 -79.6801 -78.63 -78.48 -77.3 -76.5698 -76.58 -77.72 -76 -74.56
-658.02 -587.519 -666.46 -625.69 -509.24 -479.03 -424.7 -345.15 -239.05 -173.379 -150.71 -141.9 -136.23 -133.82 -131.81 -131.85 -128.95 -126.34 -125.48 -122.19 -120.5 -120.13 -119.37 -116.69 -115.56 -114.26 -110.73 -111.57 -109.41 -111.45 -109.973 -106.48 -107.49 -107.56 -105.21 -104.11 -102.92 -102.29 -100.19 -99.29 -97.75 -95.6684 -94.88 -94.5 -93.49 -92.4707 -90.84 -90.5301 -88.4998 -88.37 -87.49 -86.73 -86.64 -84.489 -84.49 -83.49 -82.48 -81.5 -79.47 -80.69 -80.23 -78.3 -77.1023 -77.88 -77.1 -76.86
-713.91 -702.342 -702.71 -668.31 -602.215 -510.8 -396.28 -312.91 -293.58 -264.46 -193.042 -150.72 -140.16 -137.72 -135.46 -135.35 -134.52 -130.21 -126.01 -127.69 -123.26 -118.09 -117.481 -113.49 -113.68 -115.9 -112.96 -114.23 -111.58 -111.1 -112.47 -110 -110.48 -109.63 -106.18 -103.26 -105.1 -105.41 -101.69 -100.4 -98.09 -97.7 -97.4787 -96.17 -96.43 -93.16 -93.29 -91.23 -91.94 -90.32 -89.41 -88.14 -86.07 -86.49 -86.4898 -85.46 -84.4 -84.03 -82.45 -81.87 -79.72 -80.4921 -79.01 -78.815 -77.71 -77.7
-753.37 -784.23 -736.89 -673.46 -598.98 -512.9 -441.84 -390.48 -374.61 -325.25 -263.98 -206.87 -184.99 -168.49 -148.029 -147.4 -142.23 -133.48 -132.06 -128.73 -127.81 -120.88 -121.13 -121.29 -119.77 -117.68 -116.33 -115.77 -113.23 -114.43 -113.35 -109.993 -111.82 -108.09 -107.14 -107.32 -105.66 -106.543 -103.84 -102.31 -101.91 -98.93 -97.32 -97.1504 -95.4445 -94.47 -94.87 -93.44 -93.06 -91.32 -91.81 -90.34 -89.1 -88.84 -87.42 -86.3 -85.81 -83.97 -84.29 -83.18 -82.45 -81.33 -81.12 -79.11 -78.2137 -77.5
-822.99 -752.52 -662.48 -614.31 -571.67 -535.017 -522.37 -485.2 -419.48 -359.73 -315.43 -294.66 -265.97 -239.838 -202.71 -194.1 -189.9 -173.9 -141.05 -134.9 -132.52 -126.9 -125.61 -123.5 -120.76 -121.83 -118.21 -118.943 -117.48 -115.48 -116.02 -112.77 -111.31 -111.42 -109.67 -106.48 -106.53 -106.7 -104.47 -103.64 -100.12 -100.94 -99.45 -97.9628 -96.5004 -95.89 -96.51 -94.03 -94.19 -92.71 -91.14 -90.53 -91.44 -89.49 -88.92 -88.49 -87.66 -86.25 -85.07 -85.0098 -83.45 -82.26 -81.49 -80.9818 -79.5899 -79.4603
-799.77 -737.08 -687.02 -625.046 -594.28 -589.49 -568.16 -469.48 -447.509 -417.18 -393.15 -378.21 -367.96 -330.08 -308.923 -268.19 -232.43 -190.3 -163.13 -138.58 -137.67 -133.55 -127.51 -127.47 -124.85 -122.24 -120.11 -122.14 -117.88 -126.471 -114.49 -114.62 -113.73 -113.07 -108.46 -107.14 -106.63 -105.48 -104.94 -101.49 -102.549 -95.77 -100.7 -99.57 -99.1921 -97.6 -97.06 -96.49 -95.94 -93.84 -92.49 -91.5005 -90.3 -90.76 -89.78 -88.28 -89.02 -87.19 -86.44 -84.29 -85.39 -83.48 -83.01 -82.4803 -81.77 -79.8496
-707.19 -662.25 -640.22 -648.46 -628.44 -600.508 -535.29 -520.19 -500.11 -485.1 -489.392 -484.6 -467.73 -470.01 -422.14 -371.24 -292.49 -195.57 -160.9 -141.48 -139.68 -135.83 -130.991 -129.38 -126.93 -124.62 -122.32 -122.21 -119.28 -116.34 -115.68 -113.501 -117.47 -113.71 -113.46 -110.48 -106.5 -108.49 -106.47 -104.477 -103.24 -102.48 -100.13 -100.52 -99.6 -99.4801 -97.16 -96.45 -97.15 -94.99 -94.92 -94.45 -91.31 -91.49 -92.97 -91.32 -89.92 -90.16 -87.8 -86.49 -86.06 -84.31 -82.58 -84.03 -83.75 -81.04
-671.33 -659.5 -681.62 -680.45 -647.66 -588.55 -572.1 -561.24 -545.61 -551.73 -604.65 -602.49 -521.529 -435.19 -401.77 -324.69 -232.35 -172.75 -153.88 -147.51 -139.99 -137.73 -134.66 -133.03 -130.13 -127.71 -126.6 -121.62 -121.481 -120.54 -118.78 -115.32 -115.58 -113.89 -113.48 -112.09 -109.83 -108.34 -106.3 -107.67 -102.72 -102.44 -101.83 -100.99 -102.37 -98.8399 -98.3801 -98.34 -97.56 -98.25 -96.23 -95.15 -93.49 -93.18 -92.48 -90.51 -90.93 -89.67 -88.9 -88.4993 -86.62 -87.49 -85.45 -84.27 -83.59 -82.43
-662.89 -707.53 -766.89 -735.35 -685.94 -656.462 -626.12 -611.46 -612.41 -667 -669.931 -588.362 -529.72 -461.4 -362.32 -282.18 -218.49 -167.27 -157.69 -148.51 -149.2 -141.858 -134.59 -137.3 -133.12 -130.9 -126.52 -125.37 -121.09 -121.84 -119.92 -118.03 -116.55 -119.55 -115.35 -112.78 -111.47 -111.23 -107.09 -106.92 -105.88 -104.45 -103.23 -103.93 -101.12 -100.499 -98.7932 -98.98 -98.76 -97.4 -95.87 -95.52 -95.23 -92.94 -94.53 -91.51 -91.68 -90.26 -90.14 -89.14 -87.6302 -86.78 -86.51 -86.02 -84.49 -82.92
-768.31 -844.53 -844.39 -805.05 -765.36 -663.6 -649.74 -681.72 -714.549 -781.422 -668.649 -601.442 -533.65 -443.4 -387.79 -243.8 -209.31 -197.98 -185.17 -178.64 -182.9 -169.73 -141.28 -138.48 -136.54 -132.12 -130.51 -126.96 -122.87 -122.84 -120.54 -120.31 -117.95 -112.82 -116.28 -115.64 -114.219 -113 -113.98 -110.953 -107.14 -106.34 -106.69 -103.04 -103.9 -102.48 -101.22 -99.7168 -98.68 -99.54 -98.68 -97.72 -95.47 -96.58 -93.38 -92.74 -91.79 -90.18 -91.49 -89.94 -89.47 -88.4903 -87.9955 -85.2 -83.77 -82.32
-914.14 -914.219 -854.3 -706.18 -704.94 -700.35 -718.48 -755.42 -792.15 -743.4 -637.01 -563.447 -454.47 -396.08 -312.77 -264.04 -249.46 -282.38 -260.06 -257.081 -234.02 -197.81 -153.7 -144.14 -132.509 -133.41 -130.61 -128.45 -126.85 -124.33 -122.69 -120.41 -119.48 -117.31 -118.58 -116.19 -116.6 -113.4 -112.25 -111.62 -108.54 -108.64 -108.27 -106.6 -105.67 -103.94 -101.548 -102.55 -100.173 -100.29 -99.12 -98.19 -97.41 -95.25 -95.52 -94.71 -92.8 -93.48 -91.39 -91.67 -90.06 -89.62 -86.4 -83.66 -82.26 -81.47
-957.09 -871.47 -769.77 -779.25 -777.01 -829.43 -849.46 -841.87 -800.47 -672.51 -544.68 -480.31 -416.47 -358.12 -341.91 -346.3 -317.83 -339.99 -347.47 -336.73 -270.6 -220.38 -185.36 -169.198 -144.11 -135.18 -128.98 -132.3 -127.87 -124.48 -121.95 -122.48 -121.83 -118.956 -117.76 -115.48 -115.11 -114.92 -114.12 -111.64 -112.73 -109.46 -106.6 -106.21 -106.39 -104.55 -103.51 -103.24 -99.98 -100.279 -99.91 -99.13 -98.6 -95.83 -97.12 -95.39 -93.39 -93.87 -93.09 -91.39 -88.24 -86.47 -85.65 -85.07 -84.17 -81.74
-897.35 -843.02 -857.68 -878.27 -895.517 -907.33 -889.71 -834.46 -718.49 -601.76 -523.536 -517.519 -499.3 -431.16 -424.16 -423.04 -414.19 -410.538 -394.57 -356.99 -333.59 -276.36 -205.42 -181.75 -153.17 -133.9 -131.49 -132.478 -129.68 -127.09 -124.45 -122.19 -122.48 -120.24 -119.46 -117.17 -117.84 -115.67 -113.34 -113.49 -112.66 -111.61 -108.59 -108.3 -104 -107.56 -104.19 -105.76 -103.6 -102.14 -100.31 -101.62 -97.94 -99.03 -98.03 -96.98 -96.37 -94.11 -91.32 -89.83 -88.04 -86.46 -85.73 -85.63 -85.09 -83.39
-910.64 -920.4 -933.51 -950.54 -952.75 -933.25 -869.069 -747.91 -684.591 -629.39 -602.61 -580.46 -501.93 -490.49 -513.471 -520.91 -534.11 -526.97 -477.47 -352.09 -293.473 -237.38 -204.87 -169.82 -146.68 -137.94 -135.8 -132.47 -131.483 -129.12 -126.48 -122.63 -120.52 -121.74 -119.8 -119.42 -117.44 -118.08 -114.58 -114.34 -115.47 -111.44 -110.59 -109.18 -108.82 -106.99 -106.47 -106.28 -108.98 -102.82 -102.48 -101.33 -100.36 -99.21 -98.38 -98.48 -94.46 -90.65 -89.37 -89.22 -88.63 -87.41 -85.83 -85.58 -85.39 -83.84
-984.64 -1003.99 -1003.81 -977.31 -951.16 -841.26 -737.519 -748.42 -755.48 -673.05 -687.73 -616.1 -594.91 -617.33 -667.14 -626.82 -534.36 -428.77 -334.72 -244.92 -210.94 -187.17 -168.69 -156.503 -144.48 -144.47 -138.42 -134.87 -131.78 -129.49 -127.19 -126.96 -123.25 -120.26 -119.72 -118.56 -117.52 -118.35 -116.08 -116.47 -111.975 -115.24 -113.23 -109.986 -108.84 -109.25 -107.8 -107.449 -108.18 -101.26 -100.987 -100.95 -103.81 -98.99 -97.76 -94.95 -91.71 -90.02 -89.82 -89.46 -88.52 -87.87 -86.84 -86.02 -85.08 -84.18
-1086.86 -1080.86 -1032.83 -997.88 -943.44 -891.95 -883.03 -835.49 -787 -802.411 -734.442 -766.15 -768.452 -696.94 -589.15 -470.02 -391.71 -321.4 -298.36 -258.549 -232.77 -205.02 -181.94 -167.46 -156.22 -147.33 -142.22 -138.89 -135.43 -133.03 -132.47 -126.54 -124.63 -124.4 -120.73 -118.52 -118.99 -120.062 -116.04 -116.92 -114.21 -112.41 -114.09 -113.91 -109.996 -110.11 -107.85 -106.11 -105.22 -105.35 -103.24 -101.28 -98.78 -96.7002 -94.84 -94.9 -94.69 -93.18 -91.71 -90.28 -89.11 -88.88 -88.49 -87.2 -86.61 -85.44
-1064.07 -1047.47 -1046.87 -1017.39 -995.4 -951.72 -931.46 -874.16 -878.49 -856.02 -832.78 -810.89 -698.81 -607.01 -500.95 -431.432 -373.39 -355.4 -324 -303.53 -257.2 -235.33 -216.35 -198.55 -175.88 -155.47 -146.06 -138.21 -135.84 -135.64 -131.83 -129.92 -126.07 -125.59 -122.32 -118.09 -119.38 -118.3 -115.44 -115.48 -115.26 -112.6 -113.7 -111.71 -111.91 -109.49 -107.34 -107.81 -104.66 -103.01 -101.23 -99.34 -96.91 -95.9099 -96.19 -97.25 -95.3 -93.62 -92.31 -90.99 -90.08 -89.68 -89.45 -88.53 -87.55 -86.08
-898.22 -925.1 -991.381 -946.95 -965.15 -956.58 -927.35 -905.27 -888.13 -864.68 -760.23 -685.1 -559.571 -483.05 -451.15 -411.29 -390.88 -370.98 -343.66 -322.75 -277.85 -267.62 -247.42 -222.69 -195.07 -175.52 -153.51 -145.5 -138.82 -136.12 -133.91 -133.07 -129.23 -127.49 -124.12 -124.47 -118.3 -118.85 -116.17 -116.482 -114.71 -113.85 -115.13 -112.8 -111.26 -109.52 -107.9 -105.06 -101.75 -100.72 -99.09 -98.42 -96.69 -94.78 -96.22 -97.8601 -95.36 -93.76 -92.79 -91.72 -91.11 -90.33 -90.05 -90.16 -88.02 -86.66
-798.5 -804.17 -816.39 -785.31 -775.48 -806.07 -809.959 -851.16 -787.03 -689.79 -663.52 -637.359 -503.31 -468.48 -445.36 -428.2 -412.71 -381.86 -363.79 -323.16 -324.84 -290.74 -284.13 -254.82 -221.19 -202.21 -188.03 -151.512 -143.97 -137.87 -136.13 -131.45 -130.52 -127.3 -125.48 -122.47 -121.95 -118.49 -117.68 -116.52 -115.46 -113.73 -112.48 -113.48 -111.31 -109.73 -107.85 -104.11 -101.25 -100.69 -99.57 -99.06 -97.87 -96.97 -96.34 -97.2599 -98.5302 -95.73 -94.83 -93.72 -92.95 -91.96 -91.25 -91.19 -90.36 -88.89
-725.02 -733.76 -726.96 -703.5 -683.34 -697.08 -721.35 -714.24 -693.57 -662.13 -623.15 -582.56 -522.42 -492.4 -498.59 -456.52 -421.82 -404.31 -375.31 -349.24 -352.48 -327.95 -307.07 -281.47 -243.53 -220.49 -195.33 -167.69 -151.04 -143.38 -138.49 -135.17 -130.998 -131.12 -126.35 -124.21 -122.84 -121.87 -118.509 -117.6 -115.23 -113.36 -110.96 -111.25 -109.76 -107.22 -106.21 -104.78 -102.88 -102.28 -100.99 -100.49 -99.56 -98.79 -97.83 -97.48 -97.4801 -96.7601 -96.52 -94.9 -94.72 -93.28 -91.72 -92.14 -91.94 -90.61
-715.25 -685.24 -681.75 -672.19 -652.82 -645.334 -642.5 -638.06 -614.5 -603.35 -580.16 -564.79 -519.11 -534.83 -521.08 -479.72 -447.46 -427.29 -410.66 -398.73 -380.71 -352.95 -326.7 -304.96 -273.52 -236.1 -198.87 -180.51 -159.53 -150.672 -144.19 -138.75 -132.33 -130.74 -129.82 -126.84 -129.46 -122.31 -120.39 -123.17 -118.31 -111.99 -109.39 -110.98 -107.76 -105.62 -105.03 -104.53 -103.74 -103.32 -102.14 -101.53 -101.16 -99.7 -98.71 -98.07 -100.05 -98.1112 -95.4 -94.73 -93.94 -93.19 -92.32 -91.86 -91.64 -90.99
-702.19 -674.73 -666.09 -656.18 -644.42 -635.09 -625.2 -588.49 -590.48 -578.44 -549.26 -538.328 -551.12 -527.42 -498.95 -483.02 -470 -446.26 -442.27 -421.16 -403.71 -371.86 -345.87 -310.56 -280.5 -245.25 -210.17 -190.51 -171.65 -173.61 -156.52 -145.55 -138.86 -134.99 -129.25 -127.64 -126.49 -123.38 -119.94 -117.15 -113.53 -111.45 -109.4 -112.18 -108.76 -107.03 -106.5 -104.52 -103.98 -103.76 -102.79 -102.23 -101.94 -100.06 -99.41 -98.49 -98.94 -98.58 -95.5397 -94.7701 -93.21 -92.99 -92.69 -91.27 -91.12 -91.11
-728.92 -711.16 -692.95 -671.16 -652.04 -635.49 -621.48 -604.34 -605.58 -592.48 -576.74 -564.54 -557.46 -531.41 -515.04 -506.22 -488.61 -485.38 -473.57 -450.09 -423.48 -405.46 -374.99 -333.51 -307.05 -271.48 -253.22 -239.88 -227.4 -210.26 -187.86 -163.68 -140.49 -135.65 -133.6 -130.13 -127.24 -120.97 -117.23 -115.83 -114.74 -113.02 -111.44 -110.18 -108.47 -107.63 -106.23 -104.48 -103.9 -103.69 -103.08 -102.29 -101.5 -100.09 -99.49 -99.11 -99.42 -100.19 -98 -95.4998 -94.1601 -93.46 -92.78 -92.06 -91.6 -91.24
-755.5 -730.15 -710.34 -688.79 -666.72 -648.81 -640.26 -619.26 -609.38 -603.457 -586.36 -573.45 -562.47 -546.51 -535.22 -525.33 -517.35 -512.82 -494.54 -477.34 -453.3 -418.07 -396.93 -383.48 -346.038 -336.73 -328.35 -302.39 -253.65 -215.23 -191.28 -158.52 -151.8 -140.22 -135.98 -131.85 -127.87 -122.95 -118.43 -116.42 -115.81 -114.7 -112.69 -109.78 -108.27 -107.67 -104.77 -104.09 -103.98 -103.91 -103.6 -102.12 -101.63 -99.53 -99.52 -99.02 -98.44 -97.03 -97.45 -96.2 -94.5497 -94.1401 -93.04 -92.64 -92.19 -91.19
-774.499 -742.92 -723.37 -706.21 -685.41 -667.8 -655.57 -643.96 -637.51 -628.13 -602.29 -594.55 -605.49 -593.49 -583.18 -577.54 -567.18 -549.41 -531.12 -503.17 -478.38 -462.41 -431.73 -406.04 -351.4 -332.14 -291.22 -255.27 -226.73 -194.39 -168.49 -156.48 -148.24 -144.93 -138.81 -134.27 -131.04 -127.02 -122.72 -119.82 -118.01 -116.42 -113.97 -111.82 -110.58 -108.75 -106.56 -105.92 -105.8 -105.2 -104.42 -103.48 -102.5 -100.74 -99.89 -99.47 -99 -98.89 -99.8 -98.05 -96.27 -94.85 -93.31 -92.91 -92.66 -91.76
