res/shore/mis512.asc
ncols         512
nrows         512
xllcorner     -124.00013888889
yllcorner     36.99986111111
cellsize      0.00027777778
NODATA_value  -9999
[rows 0 to 28 of 512, columns 256 to 319 of 512]
0.402485 0.441796 0.45647 0.349296 0.384203 0.316388 0.335864 0.0265711 -0.310104 -0.208054 0.289033 0.283388 0.33319 0.471071 0.406158 0.406396 0.649792 0.718602 0.164511 0.719008 0.752255 0.747044 0.709053 0.617141 0.607181 0.580991 0.631543 0.602339 0.00684793 0.317003 0.222367 0.242216 0.207158 0.125628 0.223145 0.222266 0.0239353 0.410249 0.469814 -0.190641 -0.291777 -0.298288 -0.344994 -0.430161 -0.546575 -0.617187 -0.699539 -0.770028 -0.797162 -0.815247 -0.853849 -0.985661 -0.696026 -0.594382 -0.596254 -0.592072 -0.645009 -0.763403 -0.800037 -0.794244 -0.63353 0.0532405 1.08034 6.44901
0.22054 0.513704 0.282482 0.300818 0.259258 0.324031 0.302793 0.126972 -0.319996 -0.109195 0.233186 0.224895 0.24027 0.314672 0.267526 0.622834 0.625155 0.693278 0.32981 0.49742 0.887911 0.826562 0.698887 0.760992 0.557222 0.574288 0.597828 0.684273 0.797382 0.276459 0.124382 0.206752 0.187041 0.172164 0.318755 0.171033 -0.114389 0.293826 0.577402 0.303821 -0.254642 -0.238993 -0.231144 -0.233259 -0.346611 -0.515165 -0.59696 -0.747841 -0.794769 -0.829279 -0.829233 -1.03201 -0.663145 -0.589033 -0.595058 -0.610742 -0.673921 -0.764673 -0.800193 -0.792979 -0.0991082 0.550604 5.27551 6.73741
0.322395 0.186177 0.356184 0.33924 0.16223 0.335986 0.382538 0.057255 -0.231584 0.146475 0.256483 0.251064 0.283982 0.148537 0.252257 0.422893 0.690381 0.934726 0.745035 0.141686 0.794298 0.695521 0.601473 0.483205 0.569093 0.603664 0.593619 0.699416 0.772847 1.00086 0.334368 -0.0411373 0.30994 0.157334 0.19811 0.151266 0.316003 0.403866 0.406443 0.70643 -0.0830921 -0.300913 -0.232547 -0.191109 -0.225905 -0.373979 -0.565349 -0.673775 -0.706872 -0.823532 -0.840915 -1.02165 -0.554671 -0.586536 -0.595035 -0.597614 -0.598172 -0.713847 -0.775044 -0.392734 0.308498 3.82086 6.41504 6.67572
0.349845 -0.118871 0.112406 0.320973 0.426305 0.600638 0.30408 0.193431 0.335023 0.333936 0.397403 0.234577 0.347779 0.26587 0.266137 0.603767 0.905638 0.789221 0.581241 0.164867 0.667987 0.648901 0.597942 0.630399 0.601784 0.550981 0.625738 0.54561 0.640185 0.722465 0.682183 0.749629 0.187345 0.110316 0.305982 0.411053 0.282725 0.374225 0.436493 0.660371 -0.0913541 -0.713498 -0.42281 -0.188438 -0.202583 -0.287015 -0.485288 -0.59242 -0.624499 -0.80165 -0.78425 -0.901674 -0.560149 -0.594651 -0.595468 -0.593321 -0.595535 -0.600055 -0.68969 0.117908 1.77755 6.42884 6.3904 6.40325
0.0309816 0.0949024 0.187203 0.265899 0.371772 0.440404 0.318204 0.109898 0.287596 0.296853 0.281271 0.307042 0.258952 0.186846 0.24981 0.650941 0.87041 0.44747 1.1089 0.15442 0.627172 0.635527 0.513352 0.62242 0.6333 0.575457 0.612597 0.626766 0.720021 0.80931 0.79045 0.759343 0.805943 0.557682 0.0149618 0.258104 0.46203 0.554851 0.547095 0.754516 -0.482125 -1.57367 -1.27461 -0.278723 -0.218651 -0.289285 -0.419377 -0.580607 -0.585002 -0.752841 -0.811035 -0.687129 -0.541975 -0.594331 -0.599547 -0.59002 -0.621348 -0.587881 -0.33469 0.671145 5.93477 6.51834 6.44968 6.23704
-0.103305 0.109312 0.313762 0.189302 0.365876 0.38702 0.316606 0.293575 0.409301 0.281758 0.263076 0.339114 0.422528 0.2719 0.213909 0.535709 0.545868 0.436261 0.385168 0.193444 0.0449989 0.337573 0.461856 0.51037 0.449744 0.753886 0.674587 0.669922 0.790596 0.741088 0.692161 0.509745 0.594566 0.621144 0.660358 0.419056 -0.0964862 0.615796 0.770319 0.739902 -1.23171 -2.10009 -1.38797 -0.442719 -0.239172 -0.287066 -0.310144 -0.478468 -0.560475 -0.599457 -0.678733 -0.488824 -0.509638 -0.592582 -0.599497 -0.594144 -0.638702 -0.442704 0.0169603 4.57708 6.49205 6.3459 6.24254 6.02375
0.20066 0.195195 0.212018 0.428917 0.240624 0.322804 0.344169 0.194129 0.165648 0.231816 0.278658 0.320658 0.00778208 0.461312 0.544143 0.522014 0.397579 0.355481 0.596346 0.572427 0.403696 -0.124284 0.087655 0.411498 -0.0829719 0.351006 0.157573 -0.00554547 -0.195711 0.4194 0.338173 0.32779 0.63309 0.392044 0.348809 0.538155 0.489954 -0.201319 0.455562 0.58208 -0.71686 -1.55669 -1.06394 -0.490707 -0.286779 -0.292905 -0.298669 -0.373714 -0.411933 -0.42262 -0.622404 -0.408113 -0.526411 -0.596953 -0.59874 -0.598074 -0.510825 0.118853 3.02289 6.32094 6.46167 6.27048 6.33853 6.21419
0.266933 0.265483 -0.0387523 0.0635493 -0.0738098 0.232508 0.135974 0.0724302 0.362967 0.323389 0.365412 0.429829 0.462761 0.390273 0.528925 0.532363 0.326859 0.481941 -0.145773 -0.205809 0.630475 0.487077 0.0977502 -0.0234547 -0.132984 -0.171381 -0.1443 -0.255867 -0.0580388 0.392529 0.0666049 0.623628 0.25175 0.172298 0.327985 0.376759 0.609778 -0.0317549 0.662298 0.737509 -0.12833 -0.918983 -0.794297 -0.459575 -0.256881 -0.273325 -0.287636 -0.290562 -0.29785 -0.285594 -0.462312 -0.279056 -0.413258 -0.559896 -0.584774 -0.535831 -0.0829705 1.41493 6.13552 6.31124 6.25785 6.21413 6.27078 6.11306
0.176547 0.21519 0.153122 -0.0114233 0.00924491 0.139068 -0.020012 0.38227 0.569804 0.525238 0.59794 0.446959 0.460047 0.350332 0.422831 0.265171 0.160973 0.329595 -0.338266 -0.217752 0.452924 0.401874 0.431633 -0.0614739 0.0916968 -0.15375 -0.131866 0.042226 0.280138 0.51779 0.453113 0.128707 0.0296239 0.117349 0.336301 0.287515 0.554158 -0.0305009 0.65855 0.605559 0.403024 -0.570238 -0.663181 -0.544038 -0.384783 -0.23806 -0.219645 -0.223908 -0.23573 -0.427655 -0.465079 -0.271116 -0.419042 -0.505228 -0.493936 -0.165535 0.634989 5.16584 6.05926 6.24288 6.09793 6.13886 6.13916 6.11283
0.261019 -0.265893 0.0481272 0.492043 0.557229 0.356748 0.381845 0.591064 0.313694 0.234875 0.518416 0.361892 0.387857 -0.124415 -0.319274 -0.0674468 -0.0272933 -0.135216 -0.276357 0.0643693 0.145002 0.387868 0.449857 -0.0632117 0.123178 -0.11277 -0.105483 0.238667 0.152405 0.494795 0.625448 -0.0887006 0.151144 0.261402 0.225033 0.450886 0.734361 0.283663 0.265809 0.641406 0.78902 0.0351318 -0.467367 -0.675411 -0.69326 -0.609524 -0.427064 -0.363527 -0.365861 -0.869592 -0.206607 -0.249599 -0.329334 -0.330225 0.0691942 0.916242 5.07785 5.90859 5.92208 6.19894 6.11158 5.99523 6.0567 6.02201
0.269496 0.2567 0.366594 0.407832 0.480945 0.351971 0.42143 0.763336 0.433638 -0.145306 -0.28895 -0.317417 -0.248279 -0.0553573 -0.371458 -0.431541 -0.400723 -0.414646 -0.26677 -0.21029 -0.0438777 0.462928 0.342948 -0.255057 -0.169262 -0.209031 0.277925 0.466091 0.268713 0.17031 -0.0988453 0.366005 0.382677 0.504525 0.532744 0.720699 0.63749 0.81154 0.724259 0.303038 0.176026 0.732713 -0.0187581 -0.585558 -1.06595 -1.18415 -1.04886 -0.843737 -1.11987 -0.900761 -0.253722 -0.244568 -0.202758 -0.0117261 1.83212 5.97646 6.35477 6.14494 5.83516 6.1818 6.23594 5.96639 6.01597 6.06478
0.237292 0.273347 0.403149 0.562995 0.658146 0.447459 -0.0202391 0.129055 -0.311853 -0.346124 -0.385293 -0.432926 -0.397334 -0.177798 -0.599738 -0.578485 -0.618085 -0.546257 -0.420541 -0.159522 0.119159 0.235071 -0.20548 -0.283493 -0.321072 0.127247 0.294591 -0.172642 0.15806 0.21747 -0.218257 0.268435 0.557818 0.355679 0.628383 0.589713 0.499369 0.828235 0.808303 0.841861 0.0688472 0.510035 0.890946 0.233256 -0.112356 -1.22138 -1.46887 -1.26311 -0.748432 -0.437545 -0.0463797 0.100182 0.0807006 2.75592 6.162 6.1207 6.16135 6.06223 5.96065 6.10766 6.08963 5.90079 5.95599 6.10452
0.518397 0.152156 0.369386 0.186145 -0.0339144 -0.288452 -0.329605 -0.366736 -0.42528 -0.484961 -0.485392 -0.583535 -0.571391 -0.54451 -0.758726 -0.756739 -0.803919 -0.439583 -0.192818 -0.149091 -0.00619096 0.230589 -0.225461 -0.511097 -0.284296 0.453864 -0.0858877 0.272722 0.445066 0.461305 0.52536 0.382656 0.166981 0.369085 0.570198 0.356794 0.188888 0.751344 0.738559 0.784531 0.736139 -0.169978 0.0939394 0.636332 0.743816 0.533759 -0.159901 -0.12836 0.222449 0.0638985 0.821271 2.80894 5.10906 6.32655 6.22709 5.94087 5.94402 6.02939 6.03142 5.96753 5.87185 5.96908 6.04082 6.20372
0.421392 0.221992 -0.035331 -0.299701 -0.336886 -0.38821 -0.446746 -0.508736 -0.569415 -0.593977 -0.597933 -0.717294 -0.687821 -0.724764 -0.791284 -0.587889 -0.787721 -0.489217 -0.252438 -0.024375 -0.0445489 -0.220798 -0.328995 -0.705559 -0.345953 -0.0705446 -0.183438 -0.224433 -0.0843095 0.0640674 -0.0844224 0.330952 0.306935 0.289378 0.406102 0.350532 0.183895 0.64571 0.859367 0.211417 0.272472 0.794549 0.715544 0.361795 0.129522 -0.0712764 0.0973724 0.334745 0.918642 3.32116 6.0854 6.24538 6.14767 6.10754 6.06281 5.94853 6.07312 6.14026 6.10399 6.0643 5.98383 5.85862 5.6926 5.66503
-0.310434 -0.321621 -0.353811 -0.399867 -0.441499 -0.50931 -0.567721 -0.638233 -0.739518 -0.782393 -0.812101 -0.857077 -0.914724 -0.922738 -0.862313 -0.917418 -0.846618 -0.653225 -0.122702 -0.157152 0.00777893 0.19908 -0.440815 -0.812922 -0.580175 -0.259582 -0.199804 -0.315646 0.096157 0.280026 0.268627 0.508668 0.393792 0.488182 0.366956 -0.022981 0.183964 0.680758 0.666228 0.296618 0.716724 0.835558 0.725996 0.58349 0.557679 0.588486 -0.0596242 0.280594 2.57345 6.92978 6.52179 6.34953 6.21051 6.08297 6.17268 6.05338 6.0158 5.71179 5.63882 5.78594 5.64612 5.58141 5.40197 5.23768
-0.434319 -0.447665 -0.494189 -0.528919 -0.54282 -0.700685 -0.810491 -0.849116 -0.938278 -1.0372 -1.00969 -1.06633 -0.987739 -0.97194 -0.99511 -1.02808 -0.960108 -0.822264 -0.590608 -0.0274043 0.107723 -0.170891 -0.709482 -0.827192 -0.655855 -0.514488 -0.417826 -0.338357 -0.0987144 0.0505992 0.143139 0.189165 0.29075 0.0761036 -0.0289295 -0.0119237 0.532862 0.39149 0.58478 0.357396 0.514499 0.649719 0.69982 0.339335 0.605276 0.660534 0.253556 -0.0751056 3.74323 6.91152 6.50712 6.23415 6.02254 5.80926 5.82995 5.60184 5.68851 5.56813 5.59014 5.77414 5.78078 5.68938 5.64215 5.30729
-0.551962 -0.544193 -0.594547 -0.616311 -0.706467 -0.81725 -0.650577 -0.935173 -1.13279 -1.09079 -0.987699 -0.966074 -0.888245 -0.892635 -0.890447 -0.890007 -0.889052 -0.744586 -0.727085 -0.215728 -0.402906 -0.710518 -0.788707 -0.753022 -0.626857 -0.566707 -0.479612 -0.369898 -0.254797 -0.0474882 -0.0154572 0.180685 0.131523 -0.0956644 -0.0453208 -0.0481975 0.659608 0.495838 0.66647 0.701616 0.637764 0.673415 0.640683 0.49454 0.329951 0.4783 -0.321505 0.708364 3.89068 6.67738 6.24437 5.96924 5.79734 5.68085 5.58559 5.60531 5.50406 5.52962 5.46409 5.69824 5.63307 5.68003 5.68707 5.44581
-0.616085 -0.62868 -0.652462 -0.834204 -1.03537 -1.11748 -1.0736 -1.15281 -1.19399 -1.18111 -1.17037 -0.972514 -0.898012 -0.897386 -0.894256 -0.905705 -0.846422 -0.719872 -0.736631 -0.802367 -0.85465 -0.678692 -0.710306 -0.676125 -0.687988 -0.651518 -0.565551 -0.399264 -0.302599 0.0776737 -0.295377 0.277107 0.199301 0.217922 -0.14315 -0.123605 0.498091 0.409329 0.564724 0.785643 0.539212 0.581112 0.629701 0.494149 0.203106 0.323142 -0.138149 0.915273 3.87304 6.35574 5.93567 5.67189 5.60543 5.51414 5.57315 5.59331 5.48082 5.59568 5.53844 5.53225 5.49342 5.5782 5.51624 5.39781
-0.863145 -0.932143 -1.11642 -1.1589 -1.18707 -1.19711 -1.19847 -1.19978 -1.19953 -1.19866 -1.19588 -1.15316 -0.90864 -0.891379 -0.898215 -0.975017 -0.895895 -0.886922 -0.79549 -0.680405 -0.63969 -0.808187 -0.801991 -0.791603 -0.762482 -0.689511 -0.748226 -0.40497 -0.135947 -0.0551605 -0.305138 0.254145 0.204038 0.099664 -0.270087 -0.130271 0.448335 0.763261 0.82999 0.641042 0.384662 0.711801 0.498511 0.518839 0.664126 -0.319957 0.700043 0.88062 4.00114 6.25013 5.86147 5.66706 5.55338 5.45618 5.47689 5.47589 5.39313 5.54088 5.53479 5.45296 5.33497 5.26193 5.21063 5.10439
-1.11329 -1.21434 -1.26831 -1.20099 -1.18988 -1.18728 -1.1881 -1.19088 -1.1894 -1.18824 -1.18933 -1.14173 -0.978502 -0.954672 -0.925741 -0.955832 -0.902357 -0.899691 -0.902341 -0.83065 -0.775324 -0.866846 -0.884629 -0.867496 -0.803669 -0.781247 -1.35849 -0.389635 -0.367418 -0.663153 -0.524381 0.196321 0.177915 -0.255781 -0.234517 -0.114816 0.403116 0.645341 0.610056 0.543137 0.568811 0.619808 0.476755 0.437165 0.589226 -0.340281 0.262278 0.876666 3.86217 6.08722 5.87487 5.79485 5.71788 5.53164 5.38956 5.37201 5.54812 5.56208 5.48587 5.46373 5.37936 5.21888 5.09089 4.99226
-1.34856 -1.50045 -1.50674 -1.3715 -1.32571 -1.32317 -1.31884 -1.31484 -1.30784 -1.2879 -1.29903 -1.24762 -1.19592 -1.19117 -1.08203 -1.15449 -0.924242 -0.89223 -0.869393 -0.870295 -0.797876 -0.88741 -0.846775 -0.896018 -0.901765 -1.39437 -1.74395 -1.3568 -1.56662 -1.61479 -0.719632 -0.190741 0.0917183 -0.261118 -0.241624 0.136565 0.340193 0.619278 0.624311 0.651489 0.443357 0.572289 0.46303 0.551556 0.1056 0.102972 0.765883 0.712602 4.63835 5.86479 5.91411 5.92828 5.84669 5.71119 5.45529 5.30452 5.39122 5.32836 5.28888 5.37705 5.382 5.22437 5.0744 4.97771
-1.49692 -1.49606 -1.49528 -1.49749 -1.50066 -1.50151 -1.50538 -1.50141 -1.50319 -1.47297 -1.39481 -1.2831 -1.19292 -1.19459 -1.18411 -1.1988 -1.09574 -0.913699 -0.967198 -0.9945 -0.864145 -0.895267 -0.859825 -0.897063 -0.890426 -0.829595 -1.1993 -1.32974 -1.35266 -1.30911 -0.924553 -0.267355 0.134157 -0.287286 -0.231405 0.15087 -0.0917449 -0.0632668 0.534427 0.611036 0.236048 0.510003 0.605101 0.636634 -0.233142 0.639904 0.730533 1.3563 5.81098 5.81143 5.79622 5.75854 5.69535 5.5704 5.36952 5.22882 5.26018 5.27205 5.22399 5.27345 5.20324 5.13411 5.1169 5.11859
-1.49304 -1.49932 -1.49685 -1.49028 -1.46565 -1.4448 -1.43494 -1.43458 -1.43662 -1.43537 -1.45503 -1.31142 -1.19822 -1.19278 -1.19575 -1.19764 -1.19285 -1.00282 -0.933398 -0.943268 -0.897394 -0.896973 -0.896319 -0.771739 -0.823066 -0.865986 -0.926326 -0.983734 -0.978164 -1.11234 -1.31087 -0.769734 -0.29895 -0.275186 -0.19392 -0.0910065 -0.13375 -0.1637 0.294409 0.39862 0.508383 0.552404 0.314494 0.59116 -0.483833 0.619275 0.629441 2.64009 5.87997 5.73425 5.53304 5.40169 5.34334 5.19155 5.15194 5.27926 5.41447 5.39908 5.36616 5.4394 5.36711 5.31155 5.34123 5.29334
-1.467 -1.44393 -1.44481 -1.4892 -1.43512 -1.45923 -1.42812 -1.44419 -1.46756 -1.46881 -1.48421 -1.43236 -1.33401 -1.20071 -1.19058 -1.19654 -1.19545 -1.03902 -0.894168 -0.882161 -0.869101 -0.79524 -0.548067 -0.616993 -0.710794 -0.804618 -0.816303 -0.742621 -0.635581 -0.649887 -0.938024 -0.773616 -0.4897 -0.305207 -0.237724 -0.211886 -0.207857 -0.148098 0.244387 0.548621 0.429249 0.0367161 -0.14481 -0.112484 -0.00154563 0.643607 0.540269 3.78695 5.80184 5.66089 5.3662 5.2069 5.08597 4.84463 5.36532 5.16328 5.2259 5.28388 5.3683 5.46295 5.46001 5.44721 5.40019 5.36806
-1.36092 -1.27145 -1.31479 -1.54191 -1.45372 -1.4137 -1.43471 -1.41541 -1.42802 -1.5521 -1.58181 -1.46238 -1.41405 -1.30518 -1.3234 -1.29082 -1.29318 -1.04354 -1.14849 -0.999521 -0.999916 -1.00819 -0.858119 -0.817566 -0.800068 -0.832129 -0.634086 -0.62084 -0.659643 -0.712408 -0.745791 -0.655549 -0.490699 -0.332406 -0.325869 -0.37245 -0.327492 -0.430773 -0.234066 0.301771 -0.246366 -0.341144 0.196883 -0.537834 0.677672 0.776547 -0.0544611 4.37859 5.58392 5.57464 5.38441 5.18307 5.04204 5.07046 4.84294 5.13824 5.05798 5.0726 5.10915 5.36118 5.40755 5.5291 5.39966 5.48772
-1.56255 -1.55476 -1.57306 -1.80673 -1.79121 -1.71338 -1.66141 -1.56818 -1.58443 -1.65628 -1.66084 -1.51302 -1.66691 -1.50402 -1.69999 -1.55782 -1.47069 -1.25647 -1.20416 -1.19941 -1.20829 -1.20863 -1.11953 -1.111 -1.11476 -0.931137 -0.761229 -0.604893 -0.80767 -0.839628 -0.773767 -0.628682 -0.524416 -0.466753 -0.480591 -0.617627 -0.755824 -0.810987 -0.199025 -0.27195 -0.584742 -0.133884 -0.13442 0.536127 0.764157 -0.0853945 -0.452949 4.81713 5.40167 5.50058 5.33607 5.23749 5.19881 5.15907 4.98788 4.97829 4.99283 5.09745 5.15944 5.37471 5.38855 5.52884 5.48748 5.6327
-1.79499 -1.79439 -1.79051 -1.95367 -1.85622 -1.86317 -1.82992 -1.78151 -1.83785 -1.66211 -1.69624 -1.59414 -1.68989 -1.48782 -1.55498 -1.62552 -1.55348 -1.68136 -1.25182 -1.21748 -1.25747 -1.19364 -1.19974 -1.20419 -1.19286 -1.10722 -1.01413 -0.961802 -0.983932 -1.06082 -0.886186 -0.614281 -0.573411 -0.614967 -0.650888 -0.794574 -0.636623 -0.685606 -0.746501 -0.733956 -0.377206 -0.226028 0.234687 0.659406 0.853353 -0.418403 -0.146939 4.97603 5.41405 5.41419 5.23004 5.19447 5.08814 5.09708 5.01559 4.87509 4.83465 4.96197 4.92339 5.0903 5.10922 5.29465 5.38828 5.39331
-1.79803 -1.79794 -1.79622 -1.80247 -1.80018 -1.78249 -1.87261 -1.82026 -1.79289 -1.72531 -1.68885 -1.68016 -1.54681 -1.57385 -1.52972 -1.56573 -1.69445 -1.81956 -1.70788 -1.63081 -1.51654 -1.28402 -1.20212 -1.19133 -1.19551 -1.15046 -1.04902 -1.01225 -1.07057 -1.18327 -0.904435 -0.744683 -0.693418 -0.691853 -0.883212 -0.8913 -0.775165 -0.877372 -0.899889 -0.591806 -0.0685418 -0.120502 -0.206713 0.602843 0.86078 -1.14999 0.629594 5.10433 5.23566 5.37249 5.27746 5.36269 5.29472 5.19863 5.07441 4.94079 4.62561 4.63911 4.62263 4.83967 4.91294 5.03524 5.01186 4.79084
-1.79425 -1.79111 -1.79577 -1.79479 -1.79695 -1.74938 -1.7783 -1.79781 -1.7963 -1.79785 -1.78361 -1.73953 -1.68991 -1.72574 -1.69782 -1.69272 -1.71324 -1.6446 -1.70845 -1.6513 -1.56613 -1.45544 -1.37574 -1.33351 -1.31061 -1.21058 -1.09724 -0.994515 -1.00459 -1.18913 -1.0546 -0.972909 -0.737315 -0.775316 -1.02492 -0.800899 -0.782135 -0.672997 -0.215933 0.359363 -0.219278 -0.226513 -0.752075 0.196781 0.336914 -1.02925 1.79483 5.09519 5.05222 5.34329 5.28801 5.29573 5.30066 5.17391 5.11274 4.88129 4.60699 4.32245 4.62856 4.80271 4.89619 4.79764 4.4765 4.46791
