res/shore/mis512.asc
ncols         512
nrows         512
xllcorner     -124.00013888889
yllcorner     36.99986111111
cellsize      0.00027777778
NODATA_value  -9999
[rows 29 to 57 of 512, columns 320 to 383 of 512]
4.17463 4.26791 4.16148 3.09758 3.07091 2.99116 3.65769 3.86128 4.28959 4.50177 4.52425 4.71687 4.99197 5.06517 5.51878 5.24095 5.13878 5.13205 5.3341 5.3002 5.2215 4.97609 5.10838 5.35849 5.43684 5.46066 5.49531 5.69322 5.75938 5.77283 5.64307 5.49651 5.29894 4.92951 4.74962 4.71921 4.66233 4.5995 4.61089 4.62616 4.62558 4.44766 4.44965 4.30954 4.22222 4.78069 4.87706 4.87408 4.95615 5.08057 5.27209 5.57588 5.80366 5.89175 5.94827 6.17107 6.18446 6.23448 6.19262 6.09354 6.0306 5.91934 5.73656 5.58863
3.84868 4.12645 3.99447 3.49695 3.06 3.79513 4.25043 4.2845 4.18667 4.46754 4.40074 4.57291 4.91833 5.18874 5.04003 5.11809 5.00012 4.9946 5.10841 5.02222 4.75238 4.63642 4.67886 4.88433 4.93408 4.93413 5.118 5.30613 5.32929 5.43377 5.44109 5.50122 5.34956 4.90402 4.82668 4.82651 4.68598 4.61343 4.58147 4.52422 4.46412 4.36597 4.07438 4.47001 4.69544 4.69795 4.7281 4.90859 4.97578 5.15671 5.69779 5.80396 5.91861 5.95045 6.00544 6.08633 6.08306 6.19154 6.20309 6.09809 5.95799 5.74169 5.62107 5.54492
3.65274 3.79067 3.24485 2.93712 3.31311 4.04843 4.38046 4.5262 4.35821 4.23577 4.35217 4.61168 5.01631 5.04469 5.07559 5.03816 4.90435 4.97795 4.92684 4.74563 4.62047 4.5863 4.62653 4.59858 4.64311 4.68035 4.67667 4.78405 5.01664 5.41684 5.45984 5.55543 5.4516 4.94698 4.83676 4.83565 4.76349 4.6686 4.62957 4.44972 4.36791 4.40139 4.58463 4.72733 4.58582 4.6116 4.85269 4.76956 5.19596 5.66683 5.83308 5.82607 5.98231 6.05298 5.95352 5.94078 5.85193 5.90502 6.13935 6.06508 5.94027 5.63074 5.60492 5.64539
3.51286 3.54133 3.42498 3.26045 4.023 4.23447 4.30054 4.34704 4.33398 4.23881 4.42502 4.8346 5.10403 5.11773 4.82474 4.81139 4.75498 4.73852 4.86358 4.86766 4.68088 4.63896 4.62006 4.68044 4.6898 4.69164 4.67706 4.65684 4.74784 5.34707 5.68213 5.76615 5.41769 5.05572 4.95547 4.97571 4.85748 4.74276 4.67543 4.46565 4.3723 4.31101 4.72937 4.65295 4.62696 4.72912 4.81782 4.81999 5.54145 5.71426 5.77807 5.83922 5.9441 6.04377 5.85651 5.76137 5.78118 5.82238 5.90769 5.90979 5.8202 5.80316 5.7359 5.61048
3.27652 3.34218 3.19616 3.76348 4.11966 4.11263 4.24921 4.24696 4.32768 4.46974 4.68396 4.97798 5.18263 5.23527 4.92149 4.82251 4.70268 4.49545 4.61626 4.9149 4.69281 4.6342 4.60259 4.67414 4.71208 4.71774 4.74979 4.74515 4.73814 5.14209 5.55062 5.60183 5.41951 5.14346 4.85822 4.81599 4.80095 4.67878 4.54103 4.33624 4.34931 4.51612 4.44602 4.58251 4.58731 4.58477 4.52796 5.24556 5.58192 5.65989 5.76587 5.74843 5.91943 5.90259 5.66747 5.6458 5.67522 5.75381 5.7629 5.69665 5.77199 5.82669 5.57179 5.54774
3.19422 3.22118 3.14931 3.50943 3.97212 4.09333 4.18304 4.31536 4.63122 4.76442 4.92997 5.13294 5.44178 5.37046 5.07622 4.87635 4.68499 4.44761 4.52514 4.82638 4.84345 4.81763 4.71142 4.65392 4.70864 4.75083 4.80505 4.85406 4.99419 5.23929 5.36512 5.3192 5.33499 5.26791 5.1879 4.99167 4.77125 4.63786 4.46159 4.3142 4.47352 4.4364 4.43291 4.66596 4.53792 4.5479 5.02607 5.51319 5.53423 5.48247 5.68134 5.75933 5.78418 5.71289 5.66736 5.66175 5.70173 5.66505 5.66021 5.65609 5.72083 5.56731 5.96441 6.02109
2.68204 2.84569 3.3996 3.86139 4.03433 4.06775 4.25882 4.43368 4.55127 4.74392 4.86682 4.99274 5.19429 5.31355 4.98918 4.78327 4.70883 4.66704 4.58808 4.85975 4.86911 4.87283 4.69355 4.4817 4.56515 4.63361 4.61172 4.68308 4.83158 4.88985 4.97656 5.00724 5.04068 5.06159 5.13679 5.12412 4.9834 4.54281 4.34894 4.43446 4.53598 4.39246 4.45618 4.49501 4.57842 4.88601 5.28151 5.49665 5.559 5.53562 5.54459 5.65568 5.70735 5.64635 5.69094 5.66631 5.61527 5.61449 5.60676 5.55101 5.60383 5.54206 6.11718 6.20741
3.45418 3.61187 3.66286 3.81201 3.88837 4.0163 4.23792 4.41708 4.52321 4.64064 4.56859 4.87266 5.17658 5.19047 4.80936 4.70377 4.63194 4.45273 4.41602 4.73091 4.82406 4.85833 4.64817 4.47485 4.42695 4.5626 4.61405 4.69694 4.74374 4.63922 4.65016 4.62587 4.65644 4.62946 4.58811 4.61431 4.4476 4.42771 4.57212 4.45652 4.28227 4.34032 4.51003 4.57482 5.10018 5.44253 5.08708 5.42875 5.55389 5.54843 5.53538 5.57309 5.62376 5.65557 5.5679 5.59016 5.5614 5.51932 5.55323 5.45849 5.44407 5.53956 5.92716 5.89729
3.42133 3.70081 3.94137 3.97114 3.97403 4.08794 4.24502 4.42177 4.59988 4.70627 4.89813 5.03743 5.14049 4.98302 4.74814 4.62704 4.55889 4.37987 4.35758 4.64708 4.84706 4.71428 4.72623 4.71068 4.73324 4.43737 4.58323 4.72653 4.68034 4.63778 4.55716 4.5504 4.46179 4.37452 4.35097 4.27981 4.35889 4.73715 4.73343 4.23737 4.50085 4.2946 4.56213 4.97574 5.44972 5.382 5.32927 5.35434 5.43247 5.54601 5.55286 5.52705 5.53206 5.59978 5.61592 5.66114 5.53873 5.43472 5.31181 5.31382 5.33556 5.53124 5.70577 5.69045
3.50241 3.78178 3.9548 4.36462 4.27632 4.38207 4.44486 4.55639 4.71294 4.91737 5.00285 5.08022 5.01363 4.88462 4.66289 4.48219 4.41888 4.2994 4.30527 4.37074 4.64706 4.87257 4.86692 4.70789 4.79519 4.56031 4.44435 4.74972 4.63589 4.64478 4.41718 4.36203 4.32928 4.25595 4.28235 4.21375 4.30361 4.49812 4.0501 4.11728 4.11158 4.41313 4.90359 5.39724 5.45228 5.36574 5.20297 5.32719 5.40137 5.5459 5.52604 5.50388 5.54291 5.63493 5.58439 5.57306 5.42247 5.40088 5.21015 5.13802 5.30064 5.57177 5.40811 5.42422
3.58719 3.91819 4.13325 4.24723 4.35478 4.45635 4.5661 4.61513 4.85409 4.89175 4.66502 4.7608 4.74839 4.87541 4.61794 4.47229 4.46478 4.38072 4.32222 4.26864 4.29362 4.46356 4.51084 4.4805 4.6289 4.78276 4.62349 4.61937 4.66481 4.53121 4.35369 4.36115 4.33135 4.26159 4.22607 4.16938 4.19339 4.10429 4.35179 4.32211 4.32453 4.69324 5.38815 5.46033 5.36599 5.22852 5.19072 5.39127 5.44066 5.51384 5.46267 5.52357 5.60052 5.55489 5.50719 5.48894 5.28828 5.24226 5.54536 5.25016 5.37745 5.4543 5.51663 5.42965
3.91045 4.0024 4.06651 4.25627 4.42389 4.54953 4.63876 4.71265 5.00722 4.88478 4.99784 4.88301 4.73098 4.77059 4.51649 4.48783 4.48446 4.38548 4.30428 4.25325 4.35844 4.35266 4.37404 4.37688 4.44878 4.55328 4.67159 4.64167 4.57261 4.41531 4.22458 4.19529 4.38027 4.39349 4.21866 4.1738 3.96297 4.3423 4.32162 4.27106 4.66923 5.19482 5.39186 5.30284 5.28605 5.1757 5.20836 5.37655 5.44196 5.42764 5.53729 5.58198 5.58957 5.51638 5.37614 5.33793 5.36656 5.26937 5.5653 5.53542 5.46471 5.67966 5.43306 5.24334
4.2116 4.23797 4.18886 4.30048 4.41747 4.70339 4.68982 4.73273 4.99084 4.8514 4.74405 4.71099 4.65208 4.70127 4.53125 4.53049 4.44215 4.24353 4.23449 4.31992 4.41211 4.53492 4.61031 4.52317 4.40043 4.43396 4.52269 4.61151 4.36858 4.37074 4.43849 4.38909 4.45328 4.47204 4.21473 3.82925 4.24744 4.32795 4.24895 4.8542 5.41641 5.44702 5.34626 5.13675 5.19961 5.14878 5.17478 5.29693 5.34686 5.55711 5.56924 5.56028 5.43708 5.32251 5.09757 5.24141 5.4552 5.24502 5.49666 5.75413 5.56167 5.75973 5.46928 4.87235
4.11586 4.15434 4.16009 4.2364 4.46482 4.81316 4.77117 5.02442 4.75959 4.59963 4.58804 4.62666 4.64713 4.71947 4.54785 4.32742 4.19147 4.28068 4.55706 4.44364 4.25995 4.42095 4.41239 4.34378 4.49265 4.51481 4.30639 4.32852 4.22475 4.48455 4.54041 4.4995 4.51541 4.32885 3.9696 4.24359 4.16689 4.19969 5.05418 5.54712 5.44023 5.38614 5.10916 5.07107 5.12439 5.06578 5.03991 5.21607 5.37238 5.50072 5.48879 5.43288 5.29413 4.98855 4.83337 5.11324 5.27741 5.20949 5.56685 5.48595 5.66878 5.43033 5.07222 4.36704
4.15787 4.21509 4.24033 4.30319 4.62928 4.89191 4.66314 4.69761 4.49851 4.36851 4.309 4.45613 4.50341 4.60452 4.42895 4.11055 4.13686 4.28467 4.31727 4.34124 4.30047 4.38716 4.38694 4.40589 4.49168 4.42986 4.37717 4.0464 4.06477 4.12069 4.36196 4.50844 4.5602 4.05991 4.40223 4.2898 4.02948 4.69188 5.25941 5.6146 5.37197 5.27152 4.90893 5.02525 4.90185 4.76113 4.86538 5.0526 5.39113 5.42546 5.35628 5.26554 4.88332 4.66124 4.62144 4.94028 5.09831 5.1154 5.89666 5.61758 5.36501 5.00021 4.48994 3.83388
4.00892 4.1093 4.22969 4.45716 4.73748 4.53757 4.563 4.43219 4.31267 4.28134 4.26835 4.24892 4.31853 4.33414 4.23927 4.05702 4.09917 4.07767 4.09612 4.10963 4.12847 4.13737 4.10606 4.29645 4.40419 4.46747 4.34322 3.85949 3.84231 3.87628 3.83494 3.96807 3.68446 4.31066 4.3048 4.29609 4.24434 4.96752 5.44502 5.55094 5.23899 5.19377 4.7944 4.82759 4.63081 4.6731 4.75623 5.07957 5.28096 5.25877 5.25804 4.95429 4.66726 4.54196 4.5811 4.69712 4.89559 4.98699 5.61883 5.42222 5.03058 4.81165 4.14355 3.52007
4.1348 4.27287 4.34069 4.54071 4.32387 4.55906 4.37988 4.37459 4.39979 4.37633 4.3721 4.39447 4.20845 4.19742 4.02044 3.96641 3.96953 3.7856 3.77055 3.7322 3.82755 3.91302 3.86641 4.0544 4.13404 4.15589 4.11422 3.50262 3.62463 3.36323 3.77334 4.16557 3.94417 4.1488 4.15375 4.17766 4.81857 5.13623 5.44978 5.41383 5.00868 4.95038 4.47917 4.4787 4.6368 4.65145 4.91008 5.18106 5.25593 5.18745 5.03807 4.73765 4.541 4.31948 4.34048 4.4373 4.73644 4.92521 4.96491 4.84992 4.46203 4.3392 3.80353 3.32231
4.15043 4.27234 4.40384 4.40864 4.04559 4.4989 4.36769 4.41804 4.38122 4.36003 4.38869 4.35136 4.23286 4.14737 3.96922 3.90207 3.73594 3.63433 3.59246 3.62572 3.59984 3.58827 3.63091 3.79237 3.85717 3.81816 3.37557 3.21928 3.36214 3.73559 3.78702 3.82142 3.99737 4.30407 4.01054 3.9768 4.98288 5.38686 5.42279 4.90738 4.48006 4.35632 4.44781 4.51994 4.70616 4.81549 5.14721 5.31046 5.12965 4.97414 4.72232 4.56886 4.44248 4.18164 4.22406 4.34479 4.7098 4.98578 4.95318 4.64088 4.15898 3.62525 3.39313 3.13224
3.61189 3.6071 3.84589 4.06131 4.0616 4.16048 4.40813 4.4319 4.23545 4.14443 4.17178 4.24553 4.2151 4.11557 3.95694 3.94624 3.8343 3.70274 3.50885 3.50105 3.47358 3.44645 3.47426 3.61242 3.58101 3.17336 3.32345 3.42467 3.54602 3.6155 3.69442 3.98483 4.2433 4.10603 3.87601 4.32196 4.96939 5.13713 4.78285 4.2808 4.2727 4.42777 4.41378 4.56542 4.76943 5.00219 5.16367 5.1029 4.90821 4.66568 4.4297 4.41596 4.12139 4.10506 4.17002 4.29667 4.59782 4.8315 4.70349 4.30699 3.71695 3.28988 3.02792 2.89559
2.95753 3.20386 3.37193 3.51806 3.9451 4.00785 4.29863 4.41416 4.22996 4.19985 4.14502 4.15255 4.16995 4.09764 3.8941 3.84125 3.78098 3.52161 3.378 3.4114 3.43098 3.47446 3.37525 3.47099 3.12343 3.1759 3.46961 3.66504 3.74116 3.83003 3.86811 4.01404 3.75069 3.8793 4.2448 4.52564 4.36861 4.48067 4.22775 4.34491 4.51531 4.61739 4.6225 4.80165 5.09705 5.11125 5.11222 5.03641 4.59896 4.28249 4.23909 4.11063 4.05679 4.01359 4.0442 4.34657 4.49873 4.54743 4.23965 3.88509 3.51805 3.12112 2.81492 2.72792
2.89367 2.84501 3.09859 3.30089 3.5491 4.03016 4.11695 4.32555 4.30726 4.2335 4.17845 4.09947 4.12395 4.10535 3.90815 3.6731 3.51477 3.34508 3.42669 3.46515 3.53264 3.32271 3.09011 3.13587 3.55609 3.6061 3.64495 3.94122 4.02319 3.99353 3.80822 3.65426 3.69877 4.06647 4.25487 4.25616 4.01925 4.14534 4.49345 4.59954 4.7586 4.87667 5.02624 5.03486 5.15664 5.08114 4.68385 4.43541 4.2939 4.26582 4.19959 4.1672 4.10449 4.05538 4.19584 4.46126 4.33821 4.05445 3.73757 3.46447 3.23335 2.92129 2.66626 2.61844
3.021 3.11832 3.19073 3.41901 3.62547 3.99449 4.44418 4.1419 4.23609 4.15093 4.0343 4.05323 4.04801 4.07548 3.85888 3.57869 3.41091 3.41206 3.4271 3.4149 3.21532 3.01141 3.06991 3.58203 3.73541 3.61737 3.61517 3.86243 4.03878 3.81081 3.65132 3.65968 3.57769 3.94827 4.11547 4.1959 3.93914 4.06876 4.40681 4.52145 4.72761 4.82993 5.10666 5.25215 4.8865 4.341 4.39968 4.67082 4.70827 4.60556 4.54462 4.46077 4.31134 4.33143 4.47663 4.38768 3.95214 3.68413 3.28623 2.93058 2.73679 2.70841 2.59468 2.2088
2.96067 3.03453 3.21209 3.48788 3.69275 3.85763 3.83535 4.18128 4.27058 4.45057 4.34488 4.15462 3.85203 3.90464 3.71499 3.38833 3.22334 3.24449 3.25024 3.22385 3.14233 2.96406 3.33896 3.61122 3.60971 3.47284 3.56374 3.59635 3.71822 3.68083 3.69367 3.53238 3.70837 4.03998 4.25384 4.33062 4.14494 3.96767 4.19163 4.31718 4.51089 4.87292 4.91535 4.99227 4.3101 4.76249 4.90014 4.96202 5.04344 5.00049 4.79382 4.65988 4.44563 4.41998 4.14938 3.90535 3.41774 3.15093 2.91559 2.74262 2.60172 2.46327 2.2257 2.4388
3.03476 3.13037 3.21703 3.48818 3.3399 3.22477 3.30716 3.7701 4.07291 4.42768 4.34797 4.15765 3.79152 3.82258 3.5595 3.17848 3.0517 3.13027 3.15023 3.05627 2.95975 3.23427 3.4211 3.40254 3.3724 3.62368 3.50268 3.72007 3.85544 3.8019 3.60547 3.46894 4.00859 4.23945 4.32381 4.3943 4.21648 3.92908 3.90589 4.17687 4.52441 4.79892 4.68887 4.24859 4.6366 4.99797 4.93916 5.03213 5.16509 5.25423 5.01542 4.79804 4.52193 4.40079 3.8034 3.36915 2.94919 2.7632 2.66593 2.63754 2.26785 2.02435 2.04217 2.62804
2.81299 2.95066 3.18173 3.2921 3.19208 3.212 3.3476 3.35944 3.61203 4.03978 3.85427 3.719 3.58247 3.49596 3.2567 3.08707 3.25149 3.20264 3.14547 2.80783 3.205 3.35932 3.50086 3.44169 3.16402 3.53738 3.69641 3.77697 3.81868 3.59715 3.31739 3.70814 4.13535 4.30548 4.25255 4.23998 4.09172 3.71587 3.87425 4.50658 4.60142 4.25075 4.01851 4.66917 5.02156 4.98544 4.98951 5.01307 5.05613 5.15892 5.02837 4.54058 4.49898 4.2956 3.58248 2.8011 2.64895 2.593 2.49346 2.45221 2.08132 2.12087 2.3518 2.67875
2.57611 2.78861 2.99912 3.19856 3.24434 3.07419 3.20175 3.56596 4.06343 3.97725 3.81786 3.53527 3.37574 3.29769 3.13668 3.03534 3.25904 3.36897 3.27645 3.02551 3.02849 3.37061 3.50179 3.46379 3.30967 3.7632 3.70528 3.52326 3.28163 3.33931 3.63934 3.94989 4.08108 3.90984 3.83733 3.84784 3.67434 3.63613 4.23184 4.31263 4.31219 3.96192 4.27267 4.86902 4.72807 4.82727 4.85415 4.75975 4.71418 4.68667 4.5422 4.4733 4.31483 4.13171 3.59508 2.79741 2.55717 2.51505 2.3989 2.32932 1.95383 2.10471 2.48736 2.63661
2.52825 2.6536 2.67635 2.95217 3.03265 3.19141 3.49789 3.64031 3.61939 3.81845 3.68909 3.40674 3.30838 3.17129 3.06694 3.12042 3.22487 3.40092 3.30762 3.12802 2.80948 3.32917 3.36221 2.96744 3.4941 3.62737 3.38137 3.02249 3.50419 3.79699 3.89638 3.84639 3.76459 3.49049 3.49777 3.43844 3.48113 3.86774 4.19397 3.91052 3.97503 4.20772 4.58632 4.45567 4.54334 4.59579 4.58731 4.50717 4.463 4.43083 4.70782 4.52667 4.32334 4.11207 3.63109 2.91004 2.53265 2.48806 2.32195 2.19928 1.95932 2.28284 2.38634 2.49688
2.38282 2.56424 2.82487 3.00605 3.20028 3.37299 3.64118 3.67515 3.6363 3.61766 3.90602 3.67857 3.30906 3.01358 3.03776 3.00381 3.23786 3.31451 3.42524 3.21262 2.98927 3.25077 3.03403 2.91358 3.1482 2.98171 2.91649 3.39488 3.69039 3.70803 3.65978 3.56462 3.43296 3.23312 3.26308 3.35905 3.52207 4.15543 3.66456 4.3378 4.60545 4.55956 4.39563 4.36001 4.36737 4.2601 4.2962 4.42584 4.3299 4.38889 4.41142 4.32611 4.22712 4.03963 3.74542 3.1872 2.65209 2.3446 2.21067 2.06319 2.06855 2.05269 2.2541 2.34514
2.68852 2.85581 2.92787 3.15366 3.43275 3.51255 3.58693 3.54945 3.42163 3.59477 3.7166 3.60944 3.21489 2.89419 3.17578 2.97456 3.02523 3.15626 3.11693 2.77071 3.14323 3.24181 3.10404 2.56246 2.9155 3.32039 3.43804 3.56573 3.57351 3.52493 3.41323 3.18753 3.03045 3.12391 3.30721 3.67391 3.63363 3.48281 3.88704 4.55036 4.58791 4.4092 4.18166 4.13702 4.13745 4.34282 4.32554 4.37279 4.35546 4.07048 3.96011 3.92748 3.8723 3.73786 3.64631 3.28081 2.74556 2.32487 2.08849 2.09188 1.97692 1.91771 2.16871 2.30479
