res/shore/mis512.asc
ncols         512
nrows         512
xllcorner     -124.00013888889
yllcorner     36.99986111111
cellsize      0.00027777778
NODATA_value  -9999
[rows 232 to 260 of 512, columns 448 to 511 of 512]
-14.1266 -14.0803 -13.9683 -13.6421 -13.701 -13.98 -14.141 -14.0883 -13.8729 -13.8184 -13.8351 -13.9419 -14.019 -14.0444 -14.061 -14.0084 -14.2498 -14.2463 -14.3044 -14.3751 -14.449 -14.4986 -14.4854 -14.5999 -14.6667 -14.7382 -14.6625 -14.6985 -14.767 -14.7398 -14.8129 -14.8655 -14.8453 -14.8033 -14.8333 -14.8519 -14.8622 -14.9202 -14.7829 -14.7916 -14.7689 -14.8673 -14.8326 -14.8191 -14.7714 -14.7961 -14.7946 -14.8439 -14.9503 -14.9517 -14.9735 -14.8554 -14.8987 -14.9779 -15.0152 -15.0659 -15.0052 -14.9714 -14.9214 -14.9725 -14.8914 -14.918 -14.9188 -14.8917
-14.0938 -14.114 -14.1175 -13.9356 -13.814 -13.7996 -14.1587 -14.1842 -14.034 -13.8158 -13.8078 -13.8957 -13.9833 -14.0626 -14.1273 -14.0721 -14.1174 -14.311 -14.296 -14.476 -14.5487 -14.6336 -14.6827 -14.6142 -14.7052 -14.8555 -14.8187 -14.7884 -14.7331 -14.7851 -14.9242 -14.964 -14.8928 -14.9248 -14.9462 -15.0046 -14.8498 -14.901 -14.9148 -14.8318 -14.9097 -14.848 -14.7735 -14.7642 -14.8794 -14.8719 -14.8641 -14.9637 -14.8959 -14.9345 -14.9959 -15.0516 -14.8757 -14.8916 -14.9955 -14.9755 -15.0351 -15.0596 -14.9097 -14.8604 -14.9378 -14.8379 -14.8632 -14.895
-14.1271 -14.1417 -14.1486 -14.1372 -13.9095 -13.8527 -13.8971 -14.2159 -14.1329 -13.9688 -13.8298 -13.8408 -13.9886 -14.1067 -14.1787 -14.189 -14.0822 -14.2967 -14.4088 -14.4435 -14.5455 -14.593 -14.7189 -14.7515 -14.6452 -14.8469 -14.8795 -14.8527 -14.7136 -14.7431 -14.8376 -14.8681 -14.8209 -14.9043 -14.9584 -14.9538 -14.936 -14.784 -14.9233 -14.8969 -14.8737 -14.9063 -14.7878 -14.823 -14.9122 -14.9157 -14.8776 -14.9137 -14.9908 -15.0737 -14.9389 -14.9032 -14.9035 -14.9417 -14.904 -14.9567 -15.0347 -15.1285 -14.9881 -14.9119 -14.9814 -14.9341 -14.9096 -14.937
-14.2042 -14.2136 -14.2647 -14.2388 -14.16 -13.834 -13.811 -14.0834 -14.3501 -14.1529 -13.9511 -13.8822 -13.9632 -14.1426 -14.1562 -14.2056 -14.2016 -14.1955 -14.4393 -14.4071 -14.5172 -14.6512 -14.7072 -14.7525 -14.7231 -14.7795 -14.8873 -14.8592 -14.8687 -14.8568 -14.7669 -14.9568 -14.8751 -14.8973 -14.9744 -14.828 -14.9166 -14.8552 -14.8786 -14.92 -14.8942 -14.6315 -14.7465 -14.7948 -14.8701 -14.9657 -14.9009 -14.9326 -14.8621 -14.8364 -14.909 -14.9911 -15.0364 -15.0137 -14.9585 -14.9571 -15.0401 -15.1486 -15.1219 -14.9805 -14.9153 -15.0053 -14.9668 -14.9382
-14.245 -14.275 -14.2847 -14.3128 -14.283 -14.1324 -13.9702 -13.9083 -14.2827 -14.3754 -14.1548 -13.9837 -13.9708 -14.1224 -14.1971 -14.2825 -14.2961 -14.2152 -14.2401 -14.5095 -14.4819 -14.5877 -14.7074 -14.7701 -14.8296 -14.7995 -14.8571 -14.9041 -14.9052 -14.8286 -14.7761 -14.8306 -14.9563 -14.847 -14.9725 -14.9703 -14.9279 -14.9584 -14.888 -14.8679 -14.8898 -14.8028 -14.8076 -14.8063 -14.9252 -14.9409 -14.9582 -14.9008 -14.8713 -14.936 -15.0096 -15.0079 -15.1131 -15.0433 -14.9812 -14.9849 -14.9564 -15.0639 -15.0942 -14.9446 -14.9739 -14.9928 -15.0986 -14.9445
-14.2341 -14.3141 -14.3478 -14.3214 -14.3188 -14.3676 -14.114 -14.005 -14.0367 -14.4376 -14.2918 -14.0788 -13.9673 -13.9916 -14.0534 -14.2018 -14.4052 -14.3909 -14.332 -14.462 -14.5562 -14.5688 -14.7582 -14.8516 -14.8721 -14.9185 -14.8484 -14.9807 -15.0014 -14.9426 -14.8924 -14.9826 -14.9707 -14.9512 -14.9359 -14.8533 -14.8768 -14.8609 -14.8771 -14.821 -14.8558 -14.7699 -14.847 -14.8381 -14.8478 -14.9138 -14.9573 -14.9156 -14.9132 -14.9397 -15.0162 -15.0547 -15.1101 -14.9867 -14.999 -15.0219 -14.9656 -15.1997 -15.1212 -15.0652 -15.0109 -14.9463 -15.0145 -15.0394
-14.3967 -14.3518 -14.4106 -14.3635 -14.4094 -14.4062 -14.3413 -14.0811 -14.0499 -14.1595 -14.5147 -14.3856 -14.0414 -14.0142 -14.0742 -14.2606 -14.4093 -14.4441 -14.3934 -14.3989 -14.5334 -14.6598 -14.771 -14.8236 -14.829 -14.8865 -14.9102 -14.943 -15.0093 -14.8996 -14.8283 -14.8095 -14.852 -14.9356 -14.8757 -14.8419 -14.8591 -14.8809 -14.8805 -14.9076 -14.8385 -14.9464 -14.9022 -14.8805 -14.8965 -14.8943 -14.9732 -15.0433 -15.03 -14.9681 -15.0492 -15.0237 -15.037 -15.0486 -15.0495 -15.0384 -15.0595 -15.0575 -15.1734 -15.1912 -15.1487 -15.1408 -14.9953 -15.1097
-14.4599 -14.4409 -14.4191 -14.4546 -14.5642 -14.4966 -14.5149 -14.3933 -14.128 -14.0369 -14.3613 -14.5003 -14.3165 -14.0697 -14.1547 -14.1823 -14.238 -14.5018 -14.5002 -14.4794 -14.5037 -14.7343 -14.8161 -14.8612 -14.917 -14.9407 -14.9046 -14.9289 -14.9417 -14.9394 -14.9667 -14.8248 -14.8133 -14.8453 -14.8883 -14.749 -14.8702 -14.9002 -14.8581 -14.9109 -14.8696 -14.8716 -14.9068 -14.9774 -14.9943 -15.0456 -15.0592 -15.0955 -15.0131 -15.023 -15.0294 -15.0743 -15.0192 -14.9537 -15.0302 -15.1629 -15.0346 -14.9982 -15.0817 -15.2293 -15.1552 -15.1366 -15.1001 -15.1334
-14.5146 -14.4877 -14.5207 -14.519 -14.4805 -14.5258 -14.6686 -14.545 -14.3184 -14.157 -14.1385 -14.546 -14.488 -14.2633 -14.092 -14.1306 -14.2553 -14.402 -14.6374 -14.5591 -14.5417 -14.6107 -14.7313 -14.8145 -14.8904 -14.8945 -14.8733 -14.9966 -14.9007 -14.9468 -14.9637 -14.8855 -14.8145 -14.7697 -14.7901 -14.8277 -14.7989 -14.8596 -14.8804 -14.9388 -15.0623 -14.9412 -15.0345 -15.0759 -14.9754 -15.0049 -15.1161 -15.0501 -15.0798 -15.1027 -15.1417 -15.1133 -15.0833 -14.9675 -15.1039 -15.1021 -15.0986 -15.0639 -15.0736 -15.1333 -15.1737 -15.2384 -15.1619 -15.2292
-14.5605 -14.5646 -14.6521 -14.6722 -14.5361 -14.5269 -14.6416 -14.6148 -14.5133 -14.3187 -14.2233 -14.3777 -14.6835 -14.4537 -14.2458 -14.1686 -14.3125 -14.3883 -14.5685 -14.6852 -14.674 -14.5666 -14.7192 -14.8614 -14.8357 -14.9501 -14.8845 -14.9104 -14.9424 -14.8546 -14.8961 -14.8534 -14.8762 -14.8294 -14.7454 -14.8748 -14.8566 -14.816 -14.9158 -14.8634 -14.9744 -15.0063 -15.0357 -14.9975 -15.0593 -15.1398 -15.1131 -15.0058 -15.0769 -15.0847 -15.1395 -15.0532 -15.0748 -15.076 -15.1481 -15.2121 -15.1862 -15.1495 -15.0795 -15.0703 -15.2268 -15.2077 -15.2016 -15.1833
-14.6153 -14.6082 -14.63 -14.6291 -14.5804 -14.6035 -14.5591 -14.6547 -14.6857 -14.5463 -14.2931 -14.2958 -14.5796 -14.6653 -14.528 -14.295 -14.3371 -14.3309 -14.5392 -14.7933 -14.7565 -14.7482 -14.6755 -14.8143 -14.8259 -14.9597 -15.0115 -14.9306 -14.8933 -14.87 -14.8261 -14.9374 -14.8726 -14.8091 -14.7737 -14.8119 -14.8827 -14.8636 -14.8968 -14.9918 -15.0929 -15.0559 -15.0714 -14.9918 -15.0539 -14.9926 -14.8916 -15.0061 -15.0778 -15.0258 -15.1071 -15.1507 -15.1232 -15.1256 -15.0814 -15.1908 -15.1392 -15.232 -15.1655 -15.1934 -15.1433 -15.3375 -15.3187 -15.2478
-14.6525 -14.6538 -14.7624 -14.7395 -14.6858 -14.76 -14.7533 -14.6962 -14.7887 -14.6918 -14.5552 -14.3661 -14.3405 -14.7679 -14.6038 -14.4469 -14.2734 -14.3861 -14.5257 -14.637 -14.8393 -14.8451 -14.7753 -14.7708 -14.8532 -14.878 -15.049 -14.976 -14.9018 -14.9448 -14.8618 -14.89 -14.885 -14.828 -14.7814 -14.8266 -14.8295 -14.8494 -14.8504 -14.9291 -14.9734 -14.928 -15.1545 -15.1173 -15.0659 -15.1526 -15.0568 -15.1291 -15.1462 -15.1022 -15.2554 -15.2596 -15.1656 -15.1701 -15.2401 -15.233 -15.2129 -15.2636 -15.2687 -15.1996 -15.2644 -15.3839 -15.3977 -15.3032
-14.7278 -14.7197 -14.8099 -14.8022 -14.7747 -14.7651 -14.7652 -14.7179 -14.7756 -14.7825 -14.7429 -14.5774 -14.472 -14.5311 -14.8509 -14.8182 -14.5595 -14.474 -14.5532 -14.6485 -14.8761 -14.9518 -14.8725 -14.7365 -14.758 -14.8316 -14.8807 -15.0094 -14.9428 -14.9756 -14.962 -14.8508 -14.9572 -14.9597 -14.924 -14.8881 -14.8154 -14.9361 -14.9718 -14.9404 -15.0008 -15.0338 -15.1915 -15.2207 -15.1199 -15.2381 -15.2221 -15.1199 -15.1863 -15.1258 -15.2726 -15.2604 -15.2598 -15.2237 -15.2183 -15.1973 -15.2845 -15.4179 -15.367 -15.3393 -15.2493 -15.257 -15.3749 -15.4609
-14.8038 -14.7817 -14.8303 -14.849 -14.9932 -14.9709 -14.8585 -15.0267 -14.9507 -14.8898 -14.903 -14.8134 -14.6215 -14.5662 -14.6747 -14.8764 -14.8344 -14.6041 -14.5313 -14.6273 -14.8038 -14.9642 -14.9499 -14.9272 -14.7913 -14.8021 -14.8896 -15.0033 -15.1075 -14.9884 -14.9459 -14.9526 -14.9047 -14.9831 -14.9419 -14.9424 -14.882 -14.8905 -14.9644 -15.0346 -15.0961 -15.1413 -15.1361 -15.1999 -15.2049 -15.1536 -15.2591 -15.2529 -15.2323 -15.2294 -15.2458 -15.3089 -15.3183 -15.3232 -15.2921 -15.2349 -15.3749 -15.3522 -15.3992 -15.4063 -15.2862 -15.3069 -15.3287 -15.519
-14.8071 -14.8216 -14.9188 -14.9724 -15.0072 -14.8828 -14.8809 -14.8966 -14.8738 -14.9801 -14.9601 -14.8907 -14.8082 -14.5581 -14.5217 -14.799 -14.9476 -14.8756 -14.6009 -14.6162 -14.6796 -14.8885 -15.0612 -15.0412 -14.9357 -14.8957 -14.9289 -15.0106 -15.137 -15.0343 -14.9936 -15.0451 -14.9866 -15.0533 -15.0761 -15.0269 -14.92 -14.9369 -15.0677 -15.1167 -15.1223 -15.1864 -15.2104 -15.2528 -15.3242 -15.2677 -15.2338 -15.2896 -15.3288 -15.2933 -15.2254 -15.3724 -15.418 -15.3978 -15.3383 -15.3038 -15.351 -15.3352 -15.4064 -15.4237 -15.4482 -15.3968 -15.2949 -15.4499
-14.8019 -14.8964 -14.9362 -14.9415 -14.9433 -15.007 -14.9898 -14.8988 -14.9068 -14.9457 -15.009 -14.9649 -14.9246 -14.6925 -14.6299 -14.5773 -15.0169 -15.0348 -14.7854 -14.5729 -14.7504 -14.8215 -14.8982 -14.9961 -14.994 -14.8506 -14.8969 -14.9773 -15.0762 -15.1235 -15.0504 -15.0687 -15.1173 -14.9506 -15.0618 -15.0542 -15.0733 -14.9091 -15.0254 -15.088 -15.2447 -15.0972 -15.1663 -15.2731 -15.3697 -15.4432 -15.2448 -15.3488 -15.3351 -15.1475 -15.2292 -15.2969 -15.3854 -15.4043 -15.3877 -15.2323 -15.3378 -15.392 -15.3982 -15.4715 -15.4884 -15.4337 -15.3415 -15.4214
-14.8299 -14.8369 -14.8974 -14.9407 -14.9661 -15.0419 -15.0803 -15.0442 -14.9461 -15.0114 -15.0587 -15.0673 -15.0351 -14.9692 -14.7471 -14.635 -14.7477 -15.0722 -15.0123 -14.7288 -14.6947 -14.8173 -14.8899 -14.9871 -15.0449 -15.1174 -14.9004 -14.9186 -15.0224 -15.1021 -15.1542 -15.0994 -15.1268 -15.0923 -15.0492 -15.0745 -15.1139 -15.1184 -15.1565 -15.112 -15.1096 -15.1874 -15.2728 -15.3313 -15.3272 -15.3315 -15.3206 -15.281 -15.3803 -15.3466 -15.3305 -15.4012 -15.4265 -15.5108 -15.4618 -15.4444 -15.4017 -15.3645 -15.3905 -15.4018 -15.4859 -15.563 -15.4944 -15.4535
-14.7681 -14.8335 -14.9203 -14.9798 -15.0527 -15.082 -15.0842 -15.0754 -15.0209 -14.9606 -15.0583 -15.3087 -15.2294 -15.1662 -14.9774 -14.7872 -14.7416 -15.0125 -15.1328 -15.0523 -14.7664 -14.7701 -14.8414 -14.9267 -15.0298 -15.1434 -15.012 -14.8636 -15.0126 -15.0729 -15.0937 -15.11 -15.1769 -15.0641 -15.0683 -15.0907 -15.1967 -15.216 -15.1752 -15.1831 -15.1953 -15.2511 -15.258 -15.3438 -15.3541 -15.3939 -15.4629 -15.3922 -15.3719 -15.5035 -15.4689 -15.3771 -15.4446 -15.5364 -15.5217 -15.4883 -15.4609 -15.5008 -15.4568 -15.4327 -15.5039 -15.5919 -15.5577 -15.5717
-14.8132 -14.8614 -14.892 -14.9094 -15.0227 -15.0705 -15.0187 -15.1084 -15.1085 -15.0108 -15.0411 -15.1106 -15.1601 -15.1832 -15.1068 -14.9326 -14.8224 -14.8153 -15.2615 -15.2616 -15.0843 -14.8191 -14.9522 -14.9517 -15.0337 -15.1225 -15.0977 -14.9877 -15.0086 -15.0811 -15.067 -15.1017 -15.0965 -15.1024 -15.1133 -15.1283 -15.224 -15.2057 -15.1614 -15.2427 -15.2616 -15.2902 -15.2727 -15.4048 -15.4758 -15.4699 -15.3644 -15.4448 -15.3295 -15.4297 -15.5156 -15.4505 -15.5254 -15.5841 -15.5747 -15.548 -15.4793 -15.543 -15.5725 -15.5124 -15.4927 -15.5728 -15.5961 -15.6016
-14.881 -14.7251 -14.822 -14.8872 -14.8385 -14.9109 -14.9198 -15.0181 -14.9716 -14.991 -14.9637 -15.0388 -15.0739 -15.0536 -15.0625 -14.9941 -14.9079 -14.9143 -14.9219 -15.1738 -15.1033 -15.0054 -14.9152 -14.9846 -15.0114 -15.0331 -15.0994 -15.1282 -15.015 -14.976 -15.0501 -15.0944 -15.0853 -15.107 -15.1287 -15.1875 -15.1526 -15.2387 -15.2649 -15.2927 -15.3382 -15.3 -15.2724 -15.3327 -15.4196 -15.5402 -15.4176 -15.4255 -15.4808 -15.5245 -15.5666 -15.5206 -15.4614 -15.5509 -15.5748 -15.5358 -15.5498 -15.5883 -15.6011 -15.5599 -15.5309 -15.5734 -15.6564 -15.7036
-15.0638 -14.915 -14.9164 -14.9732 -15.0375 -15.1035 -15.1495 -15.1849 -15.2523 -15.2409 -15.2075 -15.1558 -15.2608 -15.3321 -15.2968 -15.2466 -15.1564 -14.8989 -14.8597 -15.1189 -15.3773 -15.2115 -15.032 -14.9621 -15.035 -14.9637 -15.0949 -15.1886 -15.1164 -14.962 -15.0804 -15.1239 -15.2002 -15.2459 -15.2427 -15.3003 -15.259 -15.3104 -15.3277 -15.3817 -15.346 -15.3541 -15.3122 -15.4692 -15.4749 -15.4656 -15.5049 -15.3072 -15.5138 -15.511 -15.4478 -15.52 -15.521 -15.5605 -15.5836 -15.7264 -15.7338 -15.6917 -15.6631 -15.7374 -15.5728 -15.6233 -15.6286 -15.6276
-15.0994 -15.137 -14.947 -14.9206 -15.0254 -15.1559 -15.2434 -15.2653 -15.2901 -15.2858 -15.3583 -15.2644 -15.2477 -15.2671 -15.3204 -15.3637 -15.3234 -15.1556 -14.9307 -14.8558 -15.3438 -15.3749 -15.2 -14.8458 -14.9915 -15.0187 -15.0518 -15.1047 -15.1988 -15.0777 -15.0853 -15.1705 -15.2284 -15.3487 -15.299 -15.2599 -15.2957 -15.3046 -15.3244 -15.4454 -15.4378 -15.4368 -15.4159 -15.4802 -15.44 -15.4046 -15.5185 -15.5472 -15.526 -15.6187 -15.543 -15.5466 -15.636 -15.6778 -15.6341 -15.7491 -15.7216 -15.7102 -15.7461 -15.6377 -15.6772 -15.6662 -15.6435 -15.6968
-15.06 -15.1341 -15.0619 -14.9508 -15.0375 -15.0981 -15.1427 -15.2928 -15.2705 -15.2965 -15.2938 -15.3018 -15.248 -15.2799 -15.317 -15.4846 -15.5309 -15.3573 -15.123 -14.9685 -15.0007 -15.4847 -15.2697 -15.0814 -14.9415 -15.0254 -15.0743 -15.1348 -15.2327 -15.2471 -15.1397 -15.1783 -15.2257 -15.2913 -15.3208 -15.3694 -15.3652 -15.3729 -15.2851 -15.4175 -15.4636 -15.4364 -15.4408 -15.4595 -15.443 -15.5609 -15.5823 -15.5616 -15.5688 -15.6039 -15.6411 -15.5569 -15.6778 -15.6353 -15.7086 -15.7095 -15.7461 -15.7278 -15.7311 -15.687 -15.7287 -15.7394 -15.7369 -15.7186
-15.058 -15.1376 -15.1947 -15.0291 -14.9391 -15.0591 -15.2302 -15.2801 -15.3147 -15.324 -15.3418 -15.3326 -15.3099 -15.3406 -15.3864 -15.435 -15.5019 -15.4876 -15.3056 -15.0432 -14.9384 -15.1163 -15.5364 -15.3552 -15.0875 -14.9343 -15.0583 -15.0585 -15.2135 -15.2904 -15.31 -15.1494 -15.1974 -15.2578 -15.2555 -15.2813 -15.3879 -15.4297 -15.3723 -15.3909 -15.4563 -15.5232 -15.5637 -15.5582 -15.6092 -15.6319 -15.5328 -15.5884 -15.7302 -15.6957 -15.6823 -15.6862 -15.7075 -15.7183 -15.704 -15.7361 -15.7161 -15.6473 -15.7814 -15.7536 -15.746 -15.7476 -15.7538 -15.7358
-15.0499 -15.1223 -15.1441 -15.1402 -15.0962 -15.0491 -15.104 -15.3339 -15.3494 -15.3413 -15.3753 -15.3727 -15.4628 -15.4017 -15.3632 -15.4055 -15.3986 -15.5108 -15.4617 -15.3368 -15.0244 -14.9992 -15.3599 -15.4879 -15.3294 -14.9397 -14.976 -15.0341 -15.1206 -15.2423 -15.3231 -15.194 -15.1509 -15.2332 -15.3383 -15.3859 -15.459 -15.4594 -15.4089 -15.4485 -15.4862 -15.5835 -15.5922 -15.5582 -15.5619 -15.6266 -15.5302 -15.6266 -15.7996 -15.7501 -15.7125 -15.6944 -15.7452 -15.799 -15.7956 -15.7918 -15.7776 -15.7332 -15.8564 -15.7678 -15.8407 -15.8132 -15.8143 -15.7828
-15.1057 -15.0593 -15.1473 -15.2269 -15.2074 -15.069 -15.0913 -15.2842 -15.348 -15.3959 -15.4587 -15.4417 -15.4774 -15.4685 -15.3878 -15.4406 -15.4508 -15.4958 -15.4617 -15.4454 -15.2595 -15.1316 -15.1051 -15.4608 -15.4111 -15.2069 -14.9461 -15.0498 -15.0627 -15.1118 -15.2984 -15.3733 -15.2357 -15.2716 -15.334 -15.3935 -15.5178 -15.483 -15.4488 -15.524 -15.5161 -15.5772 -15.5921 -15.5399 -15.611 -15.6086 -15.6129 -15.6382 -15.7402 -15.8112 -15.747 -15.7417 -15.7915 -15.8014 -15.9138 -15.8358 -15.8755 -15.8656 -15.837 -15.8154 -15.8894 -15.8475 -15.957 -15.9135
-15.1277 -15.1249 -15.1833 -15.2458 -15.2451 -15.1745 -15.1254 -15.2477 -15.3514 -15.4184 -15.444 -15.4774 -15.4617 -15.5238 -15.5035 -15.4732 -15.4982 -15.5488 -15.5299 -15.4759 -15.5125 -15.21 -15.0645 -15.1722 -15.4731 -15.3252 -15.1363 -15.0481 -15.0536 -15.0557 -15.2841 -15.2862 -15.3539 -15.2808 -15.2929 -15.386 -15.4961 -15.4969 -15.4956 -15.5234 -15.5656 -15.5581 -15.5848 -15.6132 -15.6865 -15.6829 -15.7421 -15.6819 -15.6872 -15.7303 -15.8359 -15.7911 -15.9095 -15.8627 -15.928 -15.928 -16.0079 -15.9374 -15.9259 -15.8672 -15.927 -16.0045 -15.9687 -15.8599
-15.1394 -15.1069 -15.2075 -15.2652 -15.3843 -15.3484 -15.2215 -15.2543 -15.3193 -15.4033 -15.4388 -15.5069 -15.569 -15.6046 -15.6716 -15.5714 -15.5573 -15.5476 -15.4579 -15.6555 -15.6426 -15.4026 -15.0333 -15.0354 -15.2029 -15.4623 -15.4018 -15.0082 -14.9499 -15.133 -15.2408 -15.281 -15.4112 -15.4171 -15.3162 -15.3479 -15.5146 -15.5281 -15.5586 -15.5502 -15.6242 -15.6238 -15.6854 -15.6846 -15.7195 -15.7564 -15.7663 -15.8297 -15.7543 -15.9189 -15.9306 -15.8989 -15.932 -15.9367 -15.9858 -15.9525 -15.9499 -15.9158 -15.9147 -15.8192 -15.8658 -15.8623 -15.8564 -15.9101
-15.173 -15.2076 -15.1929 -15.2518 -15.2939 -15.3351 -15.3718 -15.2205 -15.3086 -15.3819 -15.4655 -15.5671 -15.5894 -15.5639 -15.5464 -15.5507 -15.5555 -15.5739 -15.5557 -15.5559 -15.5817 -15.525 -15.4036 -15.1704 -15.0908 -15.4349 -15.4918 -15.3352 -15.1424 -15.2229 -15.1937 -15.2588 -15.3187 -15.462 -15.338 -15.3161 -15.4449 -15.4843 -15.5823 -15.5684 -15.5864 -15.6483 -15.6931 -15.7595 -15.7598 -15.8114 -15.8327 -15.9397 -15.9503 -15.927 -15.8786 -15.934 -15.853 -15.9109 -15.9578 -15.8768 -15.9277 -15.8684 -16.0423 -15.9308 -15.7575 -15.8469 -15.9274 -15.9033
