res/shore/mis512.asc
ncols         512
nrows         512
xllcorner     -124.00013888889
yllcorner     36.99986111111
cellsize      0.00027777778
NODATA_value  -9999
[rows 87 to 115 of 512, columns 128 to 191 of 512]
-2.6297 -2.8918 -3.04828 -3.13472 -3.2857 -3.31174 -3.32482 -3.30222 -3.34206 -3.40148 -3.41737 -3.39661 -3.45428 -3.43205 -3.40579 -3.36463 -3.29529 -3.20979 -3.15353 -3.03648 -3.00781 -2.96813 -2.9161 -2.95952 -3.36465 -9.53625 -11.3394 -2.78075 -1.26797 3.33035 3.31952 2.86986 2.75038 2.46038 1.20502 -0.384077 -1.47889 -1.77188 -2.03175 -2.28016 -2.46713 -2.50477 -2.57036 -2.66677 -2.73384 -2.82842 -2.85066 -2.90427 -2.96512 -2.91958 -2.99683 -2.99949 -2.78311 -2.70085 -2.70047 -2.70042 -2.70025 -2.70036 -2.70036 -2.70058 -2.7005 -2.70043 -2.6969 -2.89937
-2.70162 -2.87938 -2.97325 -3.11929 -3.27941 -3.34834 -3.36647 -3.37643 -3.37943 -3.4461 -3.44266 -3.49319 -3.47515 -3.45989 -3.4587 -3.32502 -3.3045 -3.22118 -3.18391 -3.09305 -2.98722 -2.92306 -2.91061 -2.941 -3.13105 -5.42276 -14.211 -4.39011 -2.08295 2.5652 4.10724 3.46367 3.14378 2.67247 1.90041 -1.1378 -1.51337 -1.79738 -2.00039 -2.19572 -2.40054 -2.49944 -2.56492 -2.69301 -2.78883 -2.83043 -2.87915 -2.91165 -2.98483 -2.98054 -2.9903 -2.99914 -2.92542 -2.71547 -2.70037 -2.70052 -2.70046 -2.7003 -2.70044 -2.70044 -2.70037 -2.69967 -2.74494 -2.88941
-2.61014 -2.78602 -2.93522 -3.04932 -3.15507 -3.24671 -3.2951 -3.36256 -3.40528 -3.43619 -3.41508 -3.43619 -3.46933 -3.42787 -3.39945 -3.3392 -3.27925 -3.25914 -3.18912 -3.11257 -3.04935 -2.98697 -2.92809 -2.91334 -3.03261 -3.54791 -12.1724 -8.4843 -2.70432 -0.837806 2.25632 4.19463 3.5925 2.91527 0.0759024 -1.25869 -1.55814 -1.77106 -1.97532 -2.13931 -2.3296 -2.44495 -2.49849 -2.59535 -2.74631 -2.81854 -2.8707 -2.87844 -2.91365 -2.91016 -2.92945 -2.95698 -2.81726 -2.69945 -2.70046 -2.70033 -2.70057 -2.70042 -2.7004 -2.70028 -2.70038 -2.69869 -2.83536 -2.86734
-2.49692 -2.71606 -2.88267 -3.02148 -3.09929 -3.22447 -3.34156 -3.41437 -3.45807 -3.4574 -3.49883 -3.4873 -3.5329 -3.47389 -3.43746 -3.38839 -3.35277 -3.30215 -3.25155 -3.21121 -3.18434 -3.09234 -2.98275 -2.97668 -3.01717 -3.27834 -7.91458 -12.7928 -3.38197 -2.42282 -1.58339 0.344652 1.39474 -0.380103 -0.873434 -0.823995 -1.14134 -1.33332 -1.82281 -2.0685 -2.24518 -2.41291 -2.45232 -2.51411 -2.67958 -2.77342 -2.86343 -2.88733 -2.95827 -2.9476 -2.97218 -2.98985 -2.88991 -2.70197 -2.70064 -2.70185 -2.69863 -2.69921 -2.71225 -2.70015 -2.70032 -2.69983 -2.79201 -2.75821
-2.30265 -2.55056 -2.78636 -2.98185 -3.07172 -3.21781 -3.33307 -3.39891 -3.457 -3.48334 -3.50106 -3.50836 -3.52216 -3.48792 -3.47752 -3.39418 -3.39451 -3.37728 -3.26485 -3.21019 -3.2221 -3.15619 -3.08813 -3.00694 -3.02459 -3.14636 -4.55434 -14.0285 -5.54337 -2.75173 -2.25203 -1.43949 -0.80689 -0.843551 0.106665 -0.92016 -1.14147 -1.44637 -1.69705 -1.914 -2.09268 -2.38733 -2.42301 -2.43054 -2.62375 -2.74015 -2.8121 -2.88019 -2.90288 -2.91343 -2.96073 -2.98197 -2.77527 -2.70049 -2.67511 -2.55314 -2.5249 -2.53124 -2.68322 -2.6427 -2.69872 -2.70042 -2.70417 -2.59432
-0.549484 -2.23524 -2.56483 -2.79979 -2.99505 -3.16142 -3.31003 -3.40748 -3.40824 -3.42003 -3.47171 -3.51147 -3.53076 -3.4682 -3.46725 -3.42708 -3.4166 -3.3775 -3.32576 -3.25116 -3.25574 -3.18681 -3.11461 -3.01866 -3.07337 -3.15637 -3.55549 -10.7277 -10.1677 -3.23278 -2.48391 -1.72176 -0.528038 1.06497 1.84014 1.88064 -0.309057 -1.13554 -1.54477 -1.83703 -2.03515 -2.22 -2.2445 -2.32202 -2.6072 -2.73382 -2.84363 -2.87722 -2.88547 -2.92605 -2.98337 -2.98575 -2.90978 -2.70505 -2.54989 -2.39345 -2.37973 -2.32238 -2.27367 -2.44656 -2.64615 -2.70054 -2.71327 -2.94412
2.7554 -0.936621 -2.34782 -2.61859 -2.84595 -3.03258 -3.19385 -3.25922 -3.35436 -3.41898 -3.46896 -3.47792 -3.49954 -3.51642 -3.47706 -3.43882 -3.41099 -3.38006 -3.36148 -3.27743 -3.27138 -3.20393 -3.20211 -3.09402 -3.09892 -3.09089 -3.2091 -6.22869 -13.9944 -3.90732 -2.5524 -1.33521 3.23775 3.17947 2.67967 2.53751 1.98936 -0.725618 -1.31616 -1.62415 -1.91084 -2.09425 -2.23216 -2.32247 -2.61255 -2.69258 -2.76374 -2.83607 -2.8979 -2.93161 -2.93333 -2.96789 -2.78184 -2.69987 -2.69788 -2.61455 -2.58646 -2.59906 -2.44941 -2.77378 -2.69585 -2.70073 -2.71777 -3.32213
2.36702 2.07783 -1.6407 -2.29018 -2.56041 -2.79164 -2.9394 -3.05113 -3.13956 -3.27514 -3.31851 -3.38626 -3.44879 -3.4637 -3.4415 -3.45828 -3.39268 -3.37874 -3.31958 -3.2676 -3.27345 -3.24855 -3.1997 -3.16497 -3.09553 -3.03327 -3.10271 -3.86461 -13.1544 -7.33342 -2.78621 0.251509 3.88119 2.91737 2.66275 2.64436 2.61016 0.49869 -1.12651 -1.49444 -1.76727 -2.01345 -2.1753 -2.37125 -2.59938 -2.6965 -2.7623 -2.82699 -2.92482 -2.92978 -2.94533 -3.01384 -2.93272 -2.77494 -2.73447 -2.69963 -2.70046 -2.69983 -2.7946 -2.88911 -2.76446 -2.74266 -2.76848 -3.24986
2.20488 2.42842 1.40536 -1.45084 -2.26348 -2.36174 -2.5234 -2.79035 -2.95189 -3.04819 -3.19133 -3.178 -3.20519 -3.35606 -3.34833 -3.34847 -3.35066 -3.33275 -3.30808 -3.27997 -3.32681 -3.30287 -3.27534 -3.16177 -3.13725 -3.02454 -3.10546 -3.23001 -8.98346 -12.085 -3.22215 0.0393022 3.76225 3.04273 2.77306 2.81073 2.72861 2.0147 -0.268499 -1.41085 -1.75669 -2.00779 -2.25848 -2.51947 -2.63101 -2.6882 -2.81343 -2.88732 -2.9271 -2.92784 -3.01547 -3.03546 -2.77395 -2.8041 -2.76926 -2.70018 -2.70009 -2.69967 -2.71826 -2.72453 -2.91772 -2.87523 -2.93409 -3.14327
2.11817 2.14482 2.19149 1.45339 -0.771553 -2.03346 -2.07881 -2.05227 -2.73825 -2.88194 -2.90138 -2.96765 -3.12952 -3.19076 -3.25556 -3.28381 -3.27501 -3.29947 -3.27769 -3.27715 -3.30494 -3.27312 -3.26525 -3.19256 -3.04279 -3.06858 -3.0171 -3.10403 -5.21912 -14.5132 -4.88487 -1.57778 3.14112 3.07523 2.86566 2.8901 2.82937 2.64898 0.519046 -0.699245 -1.7751 -2.00506 -2.24474 -2.49132 -2.66616 -2.71573 -2.8919 -2.89071 -2.98167 -3.00786 -3.07784 -3.0733 -2.69131 -2.75863 -3.20317 -2.82602 -2.75132 -3.0003 -2.9869 -2.85519 -2.73182 -2.78593 -2.87251 -3.0756
2.09235 2.10159 2.03288 1.18486 2.03533 0.362868 -0.542922 -0.775933 -1.78733 -2.62033 -2.82235 -2.96918 -2.97988 -2.99788 -3.11371 -3.18983 -3.22139 -3.27654 -3.27535 -3.25781 -3.28487 -3.27476 -3.27535 -3.25411 -3.19411 -3.18822 -3.07807 -3.05966 -3.23862 -13.223 -8.77151 -2.41824 2.26789 3.17867 3.00159 2.98457 3.00602 2.66448 1.37825 0.25937 -1.75601 -1.9619 -2.24218 -2.53345 -2.66765 -2.81921 -2.92608 -2.94717 -3.00577 -3.09688 -3.06996 -3.12094 -2.81477 -2.83767 -4.39494 -2.9998 -2.81263 -3.80009 -3.33279 -3.11646 -2.93449 -2.71146 -2.71883 -2.98576
2.33027 2.30351 1.46018 2.08705 2.06081 2.29718 1.51849 -0.031951 -2.10862 -2.42854 -2.66842 -2.8395 -2.8948 -2.90926 -2.97088 -3.11871 -3.19384 -3.2575 -3.28903 -3.26574 -3.27761 -3.30335 -3.2755 -3.24922 -3.23101 -3.236 -3.17096 -2.57788 -3.81609 -11.6571 -12.8771 -3.34729 -0.464564 2.24279 3.7873 4.08986 3.32479 2.93439 1.82867 -0.649567 -1.82151 -2.04503 -2.28225 -2.49525 -2.57349 -2.79312 -2.91968 -2.96088 -3.01042 -3.06688 -3.10398 -3.13153 -2.96358 -2.72778 -3.40087 -2.87644 -2.84498 -3.37902 -3.14987 -2.95173 -2.85669 -2.7088 -2.7436 -2.99678
2.17547 1.81704 1.91587 2.45597 2.4663 2.33218 2.37671 1.99798 -1.3416 -2.2475 -2.46898 -2.57178 -2.84778 -2.88858 -2.90313 -2.98116 -3.1167 -3.24356 -3.3121 -3.28842 -3.32016 -3.33769 -3.29649 -3.27018 -3.36491 -3.36834 -3.15239 -4.98867 -10.091 -11.1946 -14.1748 -6.30851 -2.42917 -0.568711 1.79852 3.55554 3.62756 3.06999 0.103751 -1.74803 -1.95866 -2.14891 -2.31334 -2.4887 -2.63119 -2.74136 -2.85191 -2.92238 -2.96457 -3.07696 -3.17208 -3.12985 -2.9419 -2.63211 -2.69397 -2.68564 -2.81519 -2.95936 -2.98536 -2.71145 -2.69634 -2.69994 -2.77029 -3.00028
-7.39658 -6.04112 -6.55009 -6.39984 -6.32519 -6.75519 -6.63741 -7.02868 -7.03014 -7.3021 -7.79527 -7.87135 -8.20754 -8.4174 -8.536 -9.31863 -9.50469 -9.52134 -9.60023 -9.96037 -9.60169 -9.16031 -9.33088 -9.04749 -8.64865 -8.9133 -8.87772 -9.21487 -10.3931 -11.5884 -13.4417 -10.683 -3.04667 -2.20963 -1.14259 0.815833 2.4408 1.53003 -1.10283 -1.8483 -2.02619 -2.1716 -2.31178 -2.43495 -2.65053 -2.76716 -2.8797 -2.9662 -3.00433 -3.12527 -3.1163 -3.07768 -3.52073 -2.85769 -2.84453 -2.92061 -2.82578 -2.98322 -3.00486 -2.87374 -2.85824 -2.84555 -2.75321 -2.77544
0.391004 0.486895 0.340009 0.272994 0.687219 0.563446 1.21962 1.52353 1.2553 1.12921 0.531087 -0.638211 -2.51883 -2.98568 -3.00275 -3.03582 -3.20385 -3.25586 -3.35446 -3.59658 -3.60322 -3.4907 -3.63139 -3.67901 -3.50625 -3.49149 -3.43813 -3.24927 -3.12424 -4.89029 -9.72029 -14.1687 -4.26374 -2.47123 -1.95899 -1.479 -0.846564 -0.284505 -1.33499 -1.80998 -2.0595 -2.19821 -2.31228 -2.37801 -2.6082 -2.67427 -2.76504 -2.95496 -2.96059 -3.0788 -3.09539 -3.15085 -3.96444 -2.89657 -2.94205 -3.06905 -2.8307 -2.98654 -3.00965 -3.01164 -3.01156 -3.01284 -2.99127 -2.7427
3.18888 3.72178 3.82355 2.40208 2.116 2.24667 2.67362 2.95244 2.76205 2.91456 3.41252 3.56106 1.97272 -1.95982 -2.60811 -2.65853 -2.79058 -2.96032 -3.12513 -3.0748 -3.19009 -3.35455 -3.36124 -3.22446 -3.17368 -3.3738 -3.46784 -3.45044 -3.4062 -3.37479 -4.14095 -13.3086 -8.15954 -3.2058 -2.68206 -2.49626 -2.10107 -2.31144 -2.47198 -2.56745 -2.64226 -2.64193 -2.67112 -2.7093 -2.72143 -2.86382 -2.91878 -2.95665 -2.95896 -3.10427 -3.10847 -3.15222 -3.09222 -3.08616 -3.28618 -2.94434 -2.87241 -2.82823 -2.91065 -2.98094 -3.01137 -3.01137 -3.01044 -2.94419
3.54021 3.92897 3.84222 3.48027 2.65192 2.53619 2.71387 3.1761 3.32893 3.74504 3.84588 3.90672 4.1876 0.798035 -2.15438 -2.48269 -2.58252 -2.75091 -2.7261 -2.85973 -3.07052 -2.9865 -3.118 -3.29088 -3.39344 -3.41364 -3.39836 -3.40647 -3.42878 -3.35734 -3.35042 -8.51366 -13.114 -3.56656 -2.47228 -1.78251 -0.686589 -1.6452 -1.93734 -1.99049 -2.06027 -2.19519 -2.27354 -2.46031 -2.61444 -2.73642 -2.88137 -2.96331 -3.05022 -3.11669 -3.1298 -3.14741 -2.97502 -3.161 -3.38598 -2.90368 -2.88953 -2.74763 -2.85048 -2.95916 -3.00969 -3.01018 -3.00971 -3.01017
3.41807 3.63386 3.66156 3.66609 3.59868 3.72179 3.67833 3.6504 3.92759 3.95133 4.02816 4.07374 3.93932 3.54519 -0.575484 -2.28404 -2.56424 -2.67436 -2.7231 -2.88673 -2.9544 -3.18458 -3.3342 -3.48078 -3.43312 -3.46319 -3.4355 -3.45677 -3.4523 -3.37983 -3.38597 -3.85433 -12.6495 -9.15754 -2.43942 -1.50042 -0.828006 -1.58528 -1.8413 -1.96778 -2.04096 -2.13757 -2.22296 -2.35374 -2.60356 -2.70732 -2.88301 -2.95488 -3.06662 -3.08379 -3.07051 -3.13666 -2.96432 -2.94173 -2.85671 -2.97716 -2.76838 -2.8657 -2.97875 -3.00035 -3.01067 -3.01062 -3.0113 -3.01196
3.51294 3.72068 3.81468 3.73543 4.07804 4.21964 4.05209 4.14316 3.73044 3.64594 3.77769 3.70754 3.78753 3.88922 3.11188 -0.230437 -2.10718 -2.49103 -2.63897 -2.83582 -3.00664 -3.14919 -3.27828 -3.43242 -3.55829 -3.5239 -3.52045 -3.60393 -3.54265 -3.46485 -3.38289 -3.55888 -5.72613 -14.3016 -6.26116 -1.79466 -1.52807 -1.55371 -1.67736 -1.98748 -2.02785 -2.09908 -2.18585 -2.38809 -2.54927 -2.72074 -2.85956 -2.96772 -3.05103 -3.09845 -2.98161 -3.00769 -2.75025 -2.88668 -2.74296 -2.99142 -2.74504 -2.89349 -3.01128 -3.01058 -3.00963 -3.01016 -3.00988 -3.00911
3.62542 3.58852 3.44847 3.60052 3.9271 4.29859 4.1468 3.87588 3.82194 3.73561 3.64416 3.65664 3.5297 3.59753 3.64701 3.27818 -1.0487 -2.24716 -2.5558 -2.73979 -2.88792 -3.03956 -3.15981 -3.29836 -3.47854 -3.54809 -3.52061 -3.61501 -3.59919 -3.52198 -3.43817 -3.45221 -3.60117 -7.86127 -14.0113 -4.06934 -1.95661 -1.85946 -1.72648 -1.94797 -2.11192 -2.18303 -2.35517 -2.54966 -2.5514 -2.71269 -2.81078 -2.89655 -3.02938 -3.07748 -3.01176 -3.01212 -2.97579 -2.99166 -2.96428 -3.00981 -2.96401 -2.9828 -3.01117 -3.01113 -3.01104 -3.0114 -3.01119 -3.00816
4.05403 3.65699 3.17973 3.32636 3.46266 3.84211 3.76709 3.82108 3.80605 3.8264 3.57662 3.48211 3.2495 3.34172 3.49604 3.16375 -0.680901 -2.0009 -2.37408 -2.59841 -2.70282 -2.89115 -2.94037 -2.86201 -3.44868 -3.47971 -3.51042 -3.6177 -3.73498 -3.51344 -3.48357 -3.46779 -3.45963 -3.97498 -10.3254 -12.2477 -2.93973 -2.09556 -1.96432 -1.83178 -2.10154 -2.22945 -2.45167 -2.57973 -2.53807 -2.67806 -2.79443 -2.87322 -2.97925 -3.07573 -2.99155 -2.97003 -2.96969 -2.97921 -2.98325 -2.99363 -2.99455 -3.00513 -3.00387 -3.00749 -3.00638 -3.0075 -3.00745 -3.00347
4.02239 3.64426 3.20032 3.27893 3.32841 3.58442 3.83008 3.72716 3.93166 3.82485 3.75117 3.54028 3.05503 3.49827 3.7277 0.937746 -1.2722 -2.00338 -2.3308 -2.50352 -2.59998 -2.70544 -2.92623 -3.07236 -3.33419 -3.42629 -3.45358 -3.55111 -3.69834 -3.57176 -3.55952 -3.48329 -3.42382 -3.65191 -4.2789 -12.4998 -9.8765 -2.53922 -2.20791 -1.99881 -2.09603 -2.22032 -2.45274 -2.60879 -2.50332 -2.6235 -2.67306 -2.79221 -2.90872 -2.99199 -2.73291 -2.70985 -2.71079 -2.71712 -2.72471 -2.73571 -2.73734 -2.88834 -2.77844 -2.89701 -2.78731 -2.7853 -2.78144 -2.78521
3.89374 3.62638 3.26333 3.44384 3.56807 3.78708 3.70875 3.78299 3.80044 2.82141 2.44111 2.70836 2.93965 2.33961 0.245926 -1.38364 -1.73723 -2.07382 -2.27403 -2.4667 -2.52884 -2.58098 -2.8725 -3.15961 -3.33772 -3.38617 -3.44129 -3.58039 -3.67925 -3.60999 -3.55137 -3.51919 -3.41839 -3.48302 -3.60233 -5.26176 -14.1803 -7.19507 -2.60312 -2.22305 -1.94493 -2.1368 -2.29231 -2.40577 -2.38911 -2.48565 -2.29064 -2.67886 -2.91079 -2.96369 -2.70882 -2.73699 -2.76143 -2.75676 -2.7446 -2.7416 -2.70304 -2.84805 -2.73644 -2.89164 -2.72683 -2.7143 -2.72245 -2.70503
3.38801 3.88731 4.39436 3.60715 3.81067 3.5874 3.61888 3.51902 3.06327 2.22142 3.41719 3.36669 3.21397 0.254749 -1.1682 -1.89758 -1.87602 -1.99581 -2.16737 -2.31322 -2.38198 -2.41228 -2.75537 -3.09603 -3.30455 -3.37869 -3.45174 -3.57809 -3.64191 -3.57833 -3.50884 -3.55662 -3.42576 -3.5533 -3.48784 -3.6744 -7.01897 -14.246 -5.06447 -2.53127 -2.09037 -1.88236 -2.14246 -2.36667 -2.46134 -2.54637 -2.58403 -2.34611 -2.7928 -2.84074 -2.69669 -2.88016 -3.00976 -3.00898 -3.00556 -3.0013 -2.73783 -2.71286 -2.81897 -2.95118 -2.71922 -3.18996 -3.92893 -3.13414
3.02792 3.80301 4.11593 3.7109 3.57443 3.66397 3.58758 3.06444 1.49266 2.45598 3.01545 3.12732 0.562475 -0.77144 -1.80699 -2.06116 -1.99302 -2.01098 -2.11331 -2.24728 -2.27802 -2.50163 -2.65379 -3.0288 -3.27273 -3.33445 -3.41504 -3.61262 -3.64162 -3.55334 -3.51138 -3.54715 -3.46697 -3.55269 -3.48852 -3.36746 -3.7383 -9.24511 -13.0302 -3.60433 -2.6356 -2.12007 -2.10493 -2.26585 -2.34365 -2.50865 -2.63429 -2.63921 -2.61829 -2.83324 -2.68453 -2.90644 -3.0076 -3.01192 -3.02166 -2.99175 -2.90168 -2.83311 -2.84887 -2.96679 -2.73611 -3.3007 -4.26529 -3.27858
2.75454 3.01344 3.03734 3.23679 3.31854 3.51875 2.68215 1.27572 0.71846 1.35089 2.58654 0.468183 -1.13188 -1.64625 -2.0539 -2.14247 -2.13627 -2.13601 -2.23333 -2.26121 -2.27603 -2.45251 -2.73105 -3.05219 -3.23926 -3.28815 -3.41002 -3.56313 -3.63184 -3.51933 -3.49967 -3.49927 -3.46176 -3.56025 -3.49383 -3.37177 -3.47234 -4.11305 -11.5648 -10.804 -3.3273 -2.42837 -1.94604 -2.13268 -2.22977 -2.3932 -2.50931 -2.59548 -2.64974 -2.69544 -2.67087 -2.72366 -2.80995 -2.95204 -3.24197 -3.15756 -3.04151 -3.02253 -3.02488 -3.01458 -2.96931 -3.29461 -3.67934 -3.43176
3.09468 3.11388 2.82625 2.95331 2.92901 1.87942 1.92885 2.69559 2.82186 1.44637 -0.149369 -1.02446 -1.66987 -1.84702 -2.10988 -2.21506 -2.31889 -2.26716 -2.37854 -2.36883 -2.33786 -2.54407 -2.81619 -3.116 -3.26475 -3.32111 -3.37868 -3.59847 -3.61725 -3.53607 -3.51077 -3.5261 -3.51365 -3.62703 -3.50922 -3.45359 -3.47554 -3.62391 -4.75036 -13.4947 -8.47849 -3.15836 -2.01926 -2.07936 -2.08046 -2.31673 -2.47744 -2.54048 -2.76746 -2.81847 -2.88443 -3.09617 -3.18888 -3.2673 -3.42235 -3.41519 -3.46825 -3.47415 -3.4711 -3.49805 -3.47075 -3.53302 -3.55282 -3.54849
2.41503 2.13633 2.17064 2.3398 2.33336 2.80295 3.06002 2.96216 2.92602 1.06371 -0.579333 -1.53972 -1.86885 -2.08555 -2.33909 -2.44603 -2.50615 -2.57831 -2.6545 -2.68184 -2.63599 -2.8057 -2.99237 -3.21057 -3.35517 -3.35997 -3.40132 -3.55366 -3.60419 -3.55032 -3.62563 -3.56447 -3.55348 -3.70205 -3.54428 -3.52927 -3.49727 -3.54547 -3.74248 -5.93795 -14.2525 -6.23826 -3.01293 -2.48568 -2.04733 -2.19713 -2.48744 -2.57591 -2.6584 -2.63971 -2.86613 -3.01019 -3.13182 -3.23721 -3.32889 -3.42274 -3.4579 -3.51144 -3.4782 -3.48938 -3.51979 -3.56918 -3.52389 -3.4987
2.64548 2.64903 2.98719 3.16287 2.67384 2.73172 2.74608 2.63611 1.33399 -0.728169 -1.51703 -1.89308 -2.23699 -2.3565 -2.60467 -2.75466 -2.81826 -2.83971 -2.88267 -2.94702 -2.9241 -3.03153 -3.1724 -3.24901 -3.31361 -3.35515 -3.4516 -3.59137 -3.62211 -3.53901 -3.57144 -3.5256 -3.47226 -3.66713 -3.59676 -3.45615 -3.56464 -3.54865 -3.60137 -3.73586 -8.13496 -13.5491 -4.54543 -3.04709 -2.38703 -2.56107 -2.08756 -2.1766 -2.547 -2.69583 -2.83515 -2.89725 -3.02745 -3.08494 -3.2736 -3.34547 -3.43753 -3.53432 -3.52758 -3.56745 -3.56785 -3.59739 -3.51506 -3.50664
